-3,504889310873229	1,4189007026630898	0,3265422842731589
-3,3626587075630106	0,6443965223097443	0,03495886302832063
1,9138379763151336	-1,7099556324240894	0,9544661533071429
-2,823752158014295	-0,5374964939291753	0,5807121489487336
-2,908063508789877	1,728479118764542	0,16072911173766347
-3,48273077549983	-0,2729719577486245	0,42314955366493723
-3,1150778830033037	1,2950678280587173	0,6052453631938531
-3,0311064416730313	1,309505021927959	0,32813626406543894
2,4902632860566714	-0,05029040196686485	0,3713691219214448
2,339589887302873	-0,04878013942785808	0,5149189778255858
-3,224908822541637	1,5879415743163157	0,19633543212383597
-3,354639962595404	0,41105637270314416	0,9205677894014981
0,5908845629112344	-1,6367054275489332	0,8419197523493307
1,7442855308005072	-1,0276016165158612	0,5522896765426372
2,0387879587268074	-0,40864952886174355	0,2952070314624816
2,095220458557338	-0,04765551427041592	0,6314304627834878
0,6515101718017167	-1,1781362331917142	0,9295324951006894
-3,3455783228858538	0,8332308714301326	0,6645930612557832
0,3200527835959387	-0,9518694202711441	0,16198079143295252
2,4320731374104305	0,038428624426946834	0,3453746130582056
-3,1528793784277718	1,3513923640143863	0,07680706940072635
-3,3616383561682515	0,7935891500039371	0,8429853049015352
-2,5345447999960498	1,5126981374557196	0,5078128231345519
0,8930131801786266	-1,1105759805530635	0,8009275661607528
-3,0270272092483834	-0,019652650907697522	0,21115152281504834
-3,529429396539326	1,4342773552719923	0,6695865211589092
1,9607594318006267	-0,8434329064804985	0,2640724132611766
-2,09632288814899	-0,7667500202945445	0,5851816952329006
2,4814655973841218	-1,2113722161811342	0,045967979031541706
-3,445604450526858	-0,11392440338312049	0,2838128965568034
2,3137447724099127	-0,07305044098676489	0,6593171522230573
-2,944100646930515	1,3554825804268504	0,49896699492851637
-3,0783104197902253	0,4940050191686909	0,8301593478994204
0,8666262571513896	-1,1386402679979988	0,4494857741163941
-3,2201991306626763	0,05541551074641027	0,6586961222668841
-3,3190274864473075	1,1684871560491863	0,25187843965709766
2,370026698075253	-0,32272880292443656	0,9223894918485704
2,5391949968257914	-0,07692937563370067	0,2691274334546375
1,6373208793665128	-1,627421819658153	0,6704610464770153
0,9299302354092245	-1,6590013064875362	0,028142646501872925
0,8842923411566675	-1,3949155376473006	0,0841684338658083
-3,5488062392171495	0,11890703489783183	0,23442736442412038
-2,7178227711817007	1,7652572168965266	0,22650716614341282
1,5514533951432015	-1,674661480133631	0,3402801175626238
0,9070236237647709	-1,5844713394873238	0,2597573836483368
-3,0108932994725253	1,9611106375826555	0,7958693459506672
2,2378138311330096	-1,2195025597629536	0,699270989702466
-2,73829788480996	1,3935701162727443	0,13833222387871258
2,2646554800345498	-0,23230841468867364	0,5584087879930099
1,4301101147587838	-1,1801918891600143	0,8387757504249573
2,025422867376249	-0,19701521032193609	0,07244941187065312
-3,2925877950815314	0,06781486960313088	0,48752361949590284
-3,7722742124886075	0,45973662272594257	0,17245592773684582
-3,248164246715443	0,7945788676231346	9,738129688252606e-05
-2,62190789723712	-0,20909999686136171	0,20715766189853324
-3,015231966044041	-0,6295094568479902	0,4975872821818216
1,8154763104524048	-1,4970705151905164	0,4144502238866773
-2,3944022384372583	-0,7274026495413957	0,5894189321746777
1,127123538842918	-1,8261296538447305	0,885461225032142
-2,3363613089188995	-0,631014845556237	0,5575907030914534
0,12957321553852474	-0,991417328656017	0,7599347057897943
0,6838480979160916	-1,3764472996258224	0,3658106034252466
1,9621075396862762	-1,2585109448713299	0,42671789619191913
-3,071941606220693	0,35574430468902474	0,6176275328790137
-3,3523714047791136	0,9389842387178441	0,008584639571350916
0,1695221294529139	-1,1557712633515576	0,40436355761115994
-2,62364916262151	2,0473678435302562	0,35496872464438256
2,5615427067561076	-0,2799701665694039	0,5655606511195098
-3,200385556983477	0,10419827872134901	0,8799229455746995
-2,690035591312807	1,3791807870554558	0,15123775615485746
1,2907243085737683	-1,2471596816411963	0,040037121415264054
-3,0833873202314916	1,823855852930772	0,42134487131272547
2,4571868577082023	-0,07068828571892993	0,06037029355049883
-2,4177922093316377	-0,18912934975726692	0,854264210678912
-2,9687039111338724	1,9874139334806855	0,3181694604963692
0,028751067331429736	-1,1748182806129597	0,14001418064814553
-3,521389292265121	-0,08284033154985582	0,20571616705426665
-3,428143687325498	1,46153394647427	0,6984566882155878
-3,504797986688623	0,9660431525064969	0,3482466916841154
-3,033983965264241	0,19970837852903822	0,49999164062086865
1,5188112618127037	-1,2251098061637502	0,8224440311731592
0,6210527061533442	-1,464909268432137	0,6879945122947401
-3,416427525675949	0,5606974806549591	0,853680446431821
-3,1599073127296182	-0,04565692386326414	0,06645987756741778
0,8684240923203624	-1,3116046517950408	0,9565049505575624
0,8899233556626243	-1,0317002100752428	0,27769424467597104
2,082469161792714	-0,13512052014856524	0,7875374388732251
1,089838706348179	-1,1149821121351777	0,6654058070250857
2,095882218588457	-0,1509501868369631	0,9782244187424413
2,0719035368119574	-1,2441631202547292	0,5876245767665792
0,5808605971728256	-1,6014099199599725	0,6346384251378113
-2,331167920832255	-0,7235828199337921	0,30504378019867606
1,3901055087917713	-1,1357574651500115	0,6894275434153151
-2,3923433436570587	-0,1932275852706885	0,8248214342210658
-3,1661812536359752	1,5066084711547485	0,800732697187383
2,131654634846993	-1,103159288201086	0,34417061221463374
-3,780626717587918	0,7086531783241062	0,30389153993644213
2,053298107289734	-0,48625219397625985	0,6952562483225497
-2,8655847229385367	-0,6152838231591016	0,7315472080011116
2,1076639828847585	-0,47845418480751634	0,2740372958329741
-2,8578639554951457	1,8523862075132622	0,06640165378232032
-2,731985855543894	-0,16332070101428287	0,9009251845062565
2,2652815174081278	-0,8032826121574106	0,5340925874952673
1,2113169218036177	-1,5744646136849254	0,3836992424752158
-2,32969417664694	-0,21975031908869525	0,28591826682406907
-3,4420989477826813	1,340565895434207	0,9408175354570577
-3,326994136158614	0,5063495813056981	0,5279250874594263
2,2338313415208493	-0,6017999673172401	0,6906093385515029
2,2471869134282727	-0,9420728190950916	0,8812466435598173
2,1922732752748115	-0,17638262265450458	0,04611784000239616
2,648927989729896	-0,5171524860035214	0,5282862258842479
2,435684317334637	-0,49877906569173946	0,9537062341816739
-3,62406343277095	0,10728138145136312	0,7236835477568032
-3,637887308590879	0,01814666919774499	0,47138935661243986
-3,2394749659202655	1,0999457429518238	0,9016978373199136
-2,179973312643003	-0,44791472819755285	0,48787883604702265
-3,4894039166042674	0,0021466404059274913	0,5409677987129432
2,342115752219274	-1,0143745714063457	0,31136457540365114
-3,320753018178018	0,05303077581178639	0,7980546040370864
-2,7039757857913944	-0,5065634311796035	0,13764595755223663
0,3305649318181252	-1,39004107792197	0,34292806953821875
-3,6459810160042614	0,9980321836328188	0,1327744815427575
0,9340299523744804	-1,7327691300639225	0,6398192461095953
2,3686779087862386	-0,5622622083311648	0,9685924752118086
-2,7265300215167967	-0,27795127756308013	0,587355170782939
2,309803810868627	-0,4540769886636146	0,5910339257410454
-2,4949848013192275	1,4248297595039356	0,8866567815202395
2,6025871097156346	0,013397755534551414	0,9647689969385352
-2,722107118282472	-0,12549545101480186	0,5386748448799817
2,128305963575889	-1,4514630307223395	0,6516535440707714
2,080821277309613	-0,04768037939081049	0,030060488571969857
0,8702543392888633	-1,1440240866381033	0,7334608006190918
-3,1807124682788293	0,18751387079825244	0,6510725650163391
-3,62263883096705	0,3339307554135495	0,40963745191671375
-2,92934172530604	0,08082234361098861	0,6527563454223431
1,5942662908301801	-1,6808045181369589	0,47557102944255525
-2,981609962673206	0,24733040538001522	0,3436467431651389
-3,174374637309098	0,031234950474771983	0,43088866953989746
1,377220198664562	-1,5774061470259177	0,8423857771719291
0,7895465778933746	-1,0824841703722539	0,761699381466517
2,5537803721874797	-0,5688933940022756	0,848253071623704
-3,170781500280384	0,6539714700871737	0,4289166863192885
2,045699761661002	-0,7065966500128733	0,6412910013373099
-3,199404820294884	1,1683387110912875	0,8117885684784539
1,3070236682379872	-1,1712762777078924	0,8645632409083321
-2,9122297809517605	-0,5264879962529929	0,31757076435641085
2,362036204511492	-0,5838204916408701	0,8932250748800751
-3,773985201780568	0,4071319731249312	0,1193150622624467
1,7778715318332012	-1,1379938235000284	0,39946947037877223
1,6127783993497598	-1,277491108656278	0,7333871636893513
-2,4262339129019947	-0,3467241484418704	0,7885716568171517
-3,100591213650795	1,8292535392836522	0,8525681662789634
2,6397385897292542	-0,9174470154177918	0,9140619821061783
2,523676147348638	-0,07359500616811537	0,1597840459195532
-3,2397467837117704	1,1403529939907753	0,63336923113855
2,1004400087919923	-0,3441040033742223	0,15210608475222587
-2,589815066072504	-0,5231544991513268	0,43229932455072617
2,24654548212687	-0,017132128124557777	0,9368250156032278
-2,229528145179622	-0,7563267801031033	0,05114984415531176
2,236113649598547	-1,2957365296931465	0,10321160181217415
-2,814410200866682	1,9292608783000995	0,7723127814547379
2,29741078022691	-0,48417186620240943	0,41849208991707576
-3,061610941636105	0,19597424402159697	0,46992648461341147
-3,054961490265621	1,1093979007663228	0,9103864322852487
1,9263458215231464	-1,2376293446065483	0,43369171635772086
1,2004893953197007	-1,4193164998799606	0,2097169882886637
-2,995128719733117	-0,018034434799478638	0,186519305600788
-2,8311644396257005	1,7251976187311189	0,2521217562791114
1,0247375833561696	-1,4419845166440497	0,29313654637856457
-3,1896773066213475	0,49819261845461593	0,7897564713558276
-3,3704880646066786	-0,15291203972244616	0,36426143355539786
-3,10355645418623	0,071901666235068	0,21786718624174184
-3,080015552218884	0,3706447589141916	0,9206471235630345
-3,233627946377456	1,2069357367467841	0,17822674451207154
1,4611434887268477	-1,1240175408929618	0,28155760649049455
-2,7596478212817583	-0,08831470660131968	0,31980298859978284
2,1765946005877463	-0,044310765105910255	0,8057281022739178
-2,925353533529717	-0,2542021645958976	0,9380614766413706
-3,347905031528313	0,9485871405286415	0,40576548047734295
2,1454663369932394	-1,4184151906481643	0,93258602006377
0,2798333662231507	-1,2386037679080626	0,72692492731151
0,6359661377428546	-0,9323709868873644	0,28211487385196343
2,6024424275692986	-0,6453831063155947	0,7723212934704217
-2,9984841966589566	0,03478616637835019	0,7416352191702036
2,113853594275195	-0,11879723617927573	0,8738385177462203
-2,5916971762455847	-0,1138885068237031	0,21488242029820992
-3,181340060204262	0,28361169481497256	0,08774636819472525
1,5055752227435546	-1,0891789594667358	0,010893812199148534
-3,3916632057607385	0,8331774295312802	0,8663865170655083
0,5948458264903517	-1,4821441982023782	0,5882312714112333
-3,740515620600813	0,7472628334581284	0,19524101291544782
2,0519254276596453	-1,4496359708043745	0,8924989607339674
-2,917177140534677	0,04577625163098331	0,8196548225886781
2,3823877927854897	-0,4479805066621174	0,308325128266122
1,7464446509001432	-1,2479290096556113	0,7420967690897676
1,5296535380819192	-1,2365765137142954	0,9641543401704183
2,1315507737932418	-0,9875906644280871	0,24675994870523854
-2,65748941059812	1,8161069543636326	0,8958519627738695
2,2041709288662585	-0,9089324046988037	0,7141509254769529
-2,7829856080553834	1,476198673423709	0,3305553264235559
-3,122509826900725	0,5805878874903945	0,8064334616124603
2,6629445133032865	-0,5369764670882711	0,3537266744758052
1,7997202750682866	-1,563068826624359	0,4184552447566613
-2,524745272068075	-0,39252761778504874	0,6913730803205302
-3,219784190781131	1,451387111052242	0,7872403134912038
-3,4496139811824253	1,3009127464427577	0,9285173261436384
-2,290176942873641	-0,3176823260724394	0,8457846813327348
-2,8463426053122998	1,504864142176163	0,3633564905650678
-3,331032595388794	0,3740878598676534	0,7629347623177861
2,0994662737978835	-0,23172579096636584	0,7580348997415874
1,5197800162842177	-1,5163576171369695	0,06018575351954658
-3,362791539868524	0,10258621468486151	0,13362497637698412
0,6324673366381213	-1,6864684375712082	0,33251934763029767
-2,7619479091962758	-0,06746762136469331	0,1940207781404164
-3,269981748993831	0,8478406908778754	0,9660693431103713
-3,192222380803325	0,15229405482122854	0,2035912591287794
0,37258367192585296	-0,9995316846546456	0,4126205717384138
1,256303718003416	-1,1288607872127772	0,02812761726230828
2,3235370707266036	-0,8415884845042911	0,2856603436676317
0,6324835805965893	-1,647017642708738	0,6069053345526998
-2,8305100912530765	-0,4123572171256027	0,572961964000641
-3,470957274079116	0,17612451800446915	0,44713710824721087
1,5854599500730153	-1,4432774989162835	0,5092595671501723
-3,0138162478898285	-0,39027130701997104	0,20161159684807706
-3,259556840950679	0,5383435096842584	0,18151167136472224
2,4232827812709625	-0,6258058014431062	0,780497044339459
0,7560574797589273	-1,569721861809901	0,010731606836004715
-2,547494892877936	-0,6205048043057555	0,06240598675213893
1,1503038570497774	-1,2200011834928797	0,6728756509922849
-2,393221470536266	-0,5032564182080157	0,5887697651837324
1,2978234348537439	-1,764446126258337	0,21108582165170608
-3,7290584721326248	0,3549368852000615	0,5972249173311881
1,5201813164536169	-1,5648075739918215	0,31841289497198755
0,6749336917006132	-1,6028976949409581	0,9285833363043923
-3,439552959598573	0,28773514192095756	0,9877111133232138
-3,4111417246162485	0,36599220937338317	0,6545303342914608
1,8240712652049969	-1,2037074101848266	0,4124922411200367
0,3120275605566656	-1,3733107217931857	0,5684596053678557
-3,5230415686187557	-0,09115692808652809	0,29365891261435617
-3,1454334254976444	0,7772536100330973	0,9242837546476539
1,4415523019043555	-1,1596922575591697	0,0792251267442311
2,222716629684207	-0,34604920041877674	0,6451078205817785
-3,615144988413205	0,0009180412921618863	0,5644248154584595
1,053449401185412	-1,5955294640630597	0,03048605024807316
2,013222740649267	-0,7568044875706672	0,3230806974511097
-2,2491120498424735	-0,4750797087487786	0,9262312935616595
-2,7733533236701704	1,9712704462694568	0,43468892047234986
-2,763730160175844	1,332673644768478	0,9928759957436475
0,886921784826594	-1,149609830931913	0,261040930467607
1,554983235475084	-1,8357113226628459	0,84676971885646
2,4273946077518396	-0,1988932824640584	0,21429734690435798
2,1379518176494825	-0,7659490659309995	0,008813067909210104
1,7350158077673705	-1,0583337757682072	0,13644090460184366
-2,2431072121943605	-0,41158088242461965	0,08594346522204754
0,28021774130124677	-1,3471004455393654	0,9030319141683294
-2,716544009423538	-0,33257256890546605	0,07717488715878462
-3,5066433408528317	1,3505813286940285	0,06058901587465004
-3,3015375773735305	-0,1058909554415004	0,14324490475996488
-2,438994316953084	-0,6427189374380322	0,07274003228492698
0,7526416844269332	-1,6981972285503166	0,5201652866311088
-3,1447867705880066	1,7621657408852938	0,7162402472745295
0,8960460871056433	-1,6998240932428499	0,6692466204411117
1,1304395301190135	-1,1383689743789889	0,47770837047006454
1,4837170773653792	-1,571212227614223	0,9931582521795752
2,6096729797344738	-0,3895841742735925	0,27965165864997044
0,8964146649522525	-1,6352929266786471	0,7993539407824963
-2,4590072877956697	-0,12043640358128915	0,026223515700030675
2,081655617187711	-0,7680285121483079	0,9646766679713745
-2,8310144601201737	0,059985261287726965	0,6529971487568749
-3,165453925817821	1,0746867459642908	0,4353271960719025
2,5594168360439387	-0,3987172472477484	0,5307287870139548
-2,583118740733237	1,7585328309389208	0,501924491952377
1,7789925903411243	-1,5804091757675522	0,6374015669752884
-2,924705970485556	1,439251638937296	0,593941993904181
2,4873846887856534	-0,42645781755560663	0,17109367605340364
-3,448107993467085	0,4578867824298637	0,24156298896769035
-3,0019592709298024	1,4956034361759234	0,4053828323283515
-3,3925020267936863	-0,03808907488148894	0,8388787427066776
1,2639011339369377	-1,4065825515613801	0,18480711809647044
1,6063255300971724	-1,6454107636504893	0,028409440686670284
2,17729992197265	-0,31050137191672894	0,9093509665132846
0,5520820592077184	-1,1051576977529591	0,6574030357384215
-3,1059196820656485	0,9784872199301832	0,49539010237259096
-3,2767624051272035	0,287129897430362	0,6973354746221316
2,4435137026503644	-0,44867875848502087	0,3932002208577965
0,9405638055509487	-1,4770322985065396	0,5246249186440978
0,6217386679109818	-0,9611793854873318	0,2843884589927319
-2,315830675130961	-0,3357633563462543	0,25295845712151444
2,113701595351042	-0,5706772195084684	0,6647800735280954
2,2229645962814386	-1,2402272605110582	0,607017209329996
2,476859948111854	-0,4546158312041024	0,5695648904251542
1,6433417576533424	-1,3319700958465375	0,491243538607838
-2,7035782644731867	-0,06522382170180596	0,8815239907905035
0,7367900297095061	-1,0123153987143931	0,73373523930043
1,5833898909155626	-1,0993857497628345	0,29020714286608773
2,0732846508079974	-1,6210422618252935	0,3738702513121064
-3,699977109644322	1,056562300356764	0,5808811346551198
-3,316325307475947	-0,007833607201018555	0,7373887417640193
-2,5480149727739176	1,4367544806047476	0,11088686735953934
2,1707808728568136	-0,8722645738240771	0,8027752072090354
0,48494811136197324	-0,8351475836241238	0,3375418628189357
0,4292613293995241	-1,5626672691118604	0,2069488142415853
2,7036496132659673	-0,10595943230304888	0,8069484222759584
2,291898497263977	-0,5262505270509485	0,43712044898830527
-2,5842485596988576	-0,5824178321270184	0,8940544201693504
-3,2653875401590198	1,5770513825290915	0,836800179117898
-2,706119585871373	1,43887545567729	0,594401122310965
2,4271343952932574	0,12428176830708143	0,19280193418059255
2,1895005542357406	-0,6023441012402412	0,6969192197968901
1,117686455198819	-1,6347750991963101	0,2347773318827845
-3,3288245432426216	1,1591155745948851	0,35409297661823746
0,3254602775269866	-1,4915229627396722	0,26686908096089335
2,584807376912809	0,09737161341957357	0,5443609900144691
-3,055117939137955	1,807385426638595	0,18030264430890164
2,5213088048354915	0,021401025062830148	0,9621180108931341
2,3954543287877534	-0,06780437863865307	0,0379164506774462
-3,3058563689712006	1,575143218612888	0,08657577320949539
0,8535397400959954	-1,52623780725081	0,2378460699947862
-2,216764449383485	-0,11247022844931254	0,9038635153465844
0,6212314451704233	-1,2909236946287326	0,8316922076606114
-2,9122233297172393	-0,6463075352487357	0,8589735357826676
2,348084666425158	-0,6112846131715088	0,38154095965393886
1,8538583717379704	-1,5079751059156616	0,12702516920076645
-2,37042547142619	-0,6551280383771372	0,40549929779169347
-3,220425303718945	1,155527418688769	0,45040721273773077
0,8241019306022918	-1,1638274382704008	0,14582223313448572
-2,1206552452269025	-0,45791151157248544	0,3206508667991931
2,204551814041029	-1,380162374059751	0,4728370503385946
2,2875935995922614	-1,2975369280261164	0,6044503169758733
0,5708182088672309	-1,1990436880535278	0,1566752409310067
-3,0987915332616325	1,4617364493413332	0,3322259065196955
-3,2097300281989645	-0,5093031142397852	0,721648984373128
2,685068154783359	-0,37253371014240366	0,30980829363497464
2,666048772013896	-0,8545764299879095	0,2208256027938399
1,8711273113949636	-1,5497733120330783	0,49672574377477297
-2,8253407642706336	-0,3146920256396907	0,42222418893105773
-3,050869174016019	-0,07917673496749589	0,36781467336233
1,4719431821839681	-1,8387432836522684	0,9858494403157928
-3,5211694305325283	1,224103772086513	0,2941451137975938
0,8691665269092875	-1,1001392743398504	0,2350530301230267
-3,0473239349715433	0,3206373673455113	0,6221009929466893
-3,473744597191544	0,3067754000696429	0,6875357417927966
2,3858328748233566	-0,5747205505947683	0,7217481755834595
-2,248808686670129	-0,13785137638153833	0,6516666153535813
0,40765192884286794	-1,1355123854787412	0,38578210199772756
-3,593936923536038	0,19445633740502488	0,6179346207417297
-2,852146484449295	2,0123386468461	0,6762164262149981
-3,086946121574578	0,7078991274787859	0,045283680684604866
-2,654162668405946	-0,32201534759226724	0,6526348343450256
2,504796540174994	-0,15923070525291116	0,49373676764763685
-3,243205635149768	0,16982585363396013	0,9716027885502135
1,7732512098161588	-1,1117852812534559	0,03223616235198645
-3,370280126479776	0,6744678894690829	0,7904839593430695
2,3185338810552203	-0,49418309488030904	0,9439088504301455
-3,103373910467011	0,6409420308331794	0,3842573108495747
-2,691482456518556	-0,1693564999936652	0,11552156396026547
-2,7654827167086156	-0,7242233726969864	0,12180287541289636
0,8983109667079765	-1,25985998664688	0,8480245532633314
-3,425968982461396	1,475754438722742	0,20637091500706806
2,700450674115651	-0,6556795024188743	0,9378888055153919
2,463492315733377	-1,0757548718350483	0,6600717365626346
2,1778485658613054	-0,30852838015797973	0,030157581558394986
-2,8467984116382703	0,07109648411539715	0,014137003536084047
0,9266229327733506	-1,0306860777458857	0,5255205085803665
2,119858811290484	-1,209762736006604	0,2598492593532532
2,2837552245369923	0,015318054425125571	0,8594899239464154
-3,010280074079642	1,9644865469553578	0,15083841451215763
-3,1889869898096075	1,2232961403267903	0,8491989673778703
-3,7795497664374604	0,5342292252608842	0,9425183462888727
-2,904256436310596	1,2333059178907875	0,7377782507831465
-3,07383624207945	0,043763713075003485	0,2205750892356242
1,5805853543887207	-1,225558633984435	0,03227239859535369
2,2769186825250407	-1,4190738752525591	0,9182861575318368
2,321127877744717	-1,0651978408086722	0,663904043506616
-3,161021673789039	1,2481394042974192	0,48631999818896143
-2,513991007467451	-0,5734844492589919	0,2599498359537331
-2,485156304977097	-0,17439981776460545	0,9020760471969129
2,2647214414275165	-0,9932993877766283	0,12450832024034908
-2,870932265045551	-0,5678773928980538	0,6648483917059509
2,2786984188103547	-0,4186460055066242	0,0951895088871787
-3,7478540452881814	0,8806812512276287	0,7146449414960108
-2,8316051879303177	1,4983322847743825	0,6142923688889397
1,8524476505212566	-1,3682753857467405	0,5003912547591015
-2,5107141509755957	1,4703915206663472	0,8761318324957312
-2,4526670470957557	-0,2565884254399349	0,4070784807287585
2,0858828922036983	-1,4097402150417224	0,5368517291201588
-2,660257003700977	-0,2788182986395079	0,240078843614692
-3,0389802032391806	1,5864792365119813	0,8985296047382688
0,3398924235398988	-1,082447455093924	0,9730085434949404
1,943162724635877	-1,2413882951345607	0,8735233329513385
0,7855668722706716	-1,1966417812906782	0,5502165775522675
2,2052464478056795	-0,9652370707179307	0,06897009207681526
1,677087210079094	-1,3222515657177916	0,9305170776432955
2,1703452733496036	-1,2443005165381136	0,6620959753439941
2,041974173392345	-1,6357912686918679	0,8799530660266642
-2,7456758272374726	1,3305893290177369	0,6762722491866304
-3,4206325407224294	0,0456262801824765	0,16829760173135966
-2,5083919201308102	-0,16337463951639553	0,5096901004546643
-3,1531701029895127	-0,47898590282517994	0,8704875020228712
-3,1852404538670225	0,5701309301272623	0,22752132126983127
-2,834938625075879	-0,22959089202484118	0,19221007911559074
2,596454476276424	-0,12262398419819948	0,24235290610943494
-3,4412060410389156	1,0172844222482853	0,80181565318427
-3,1478392025468347	0,9323646106893857	0,9903879786509698
1,9007896551376529	-1,6582595950398717	0,27301413606523095
2,1309004734401897	-0,5391368011263593	0,6220591144287679
0,4050448510571316	-0,8477618977321435	0,06269974591729821
-3,0693428186882357	1,5340002493824594	0,5488342936885507
2,618753190812927	-0,15267765144894202	0,7530071213622559
-3,4839297489314998	1,3030749743338856	0,4214672381414374
-3,0104614603491036	-0,0883525617955826	0,10161424214155368
-2,922316746946982	1,3640378450724278	0,9314650533588007
-2,292825800308333	-0,19528100218790734	0,384803500864769
-2,2603886109249514	-0,13042277700608063	0,12054641821672207
-3,16648385286158	-0,04484057281607212	0,8384893150947017
1,9935655263805172	-1,3570221401815523	0,6393846633614686
2,3251705549943398	-0,005522114382214949	0,838557115161638
0,22302419469767853	-1,2299671367679639	0,4354847973935402
-3,0278483288772375	-0,25018272078018133	0,12830178505157153
1,625068763458236	-1,6270456482434354	0,0036718976444837237
-2,191456808876335	-0,08805960421600945	0,7276389047834437
2,285230481438619	-1,4389488496738074	0,4525676503765472
0,49620751212255465	-1,6033992079650683	0,36090962669575943
-3,212175167744662	1,0936597251508868	0,8279129286205237
-3,0397901845241115	0,08557820172218777	0,2786797761145714
0,31138159223602024	-1,383613141783585	0,4107376982059705
-3,5037092739818845	0,32353234330146047	0,7439912330741706
1,63908567589648	-1,534580207449621	0,544822822357973
-3,589940723582802	-0,0005489703897652021	0,7241423383276118
0,5129610633580988	-1,5365995162410573	0,5100279488180054
1,1858779277678086	-1,5279738453053098	0,8378498783056835
0,9494947089523296	-1,2872450582182864	0,7377210169622445
2,7378524126468626	-0,5233415317826593	0,9044441829504338
2,51044306724616	0,12460991882961503	0,6750757707874971
-3,419480725375093	1,3295568380334912	0,781288635989277
-3,1150115843100417	0,48121466112236244	0,6008272183624038
1,6439806202906633	-1,19269886579972	0,05669306622235992
1,5465517669154787	-1,0829146590688066	0,6049821609030813
-3,0118008122359394	1,0787576327683934	0,2809030924643158
0,05946687774920001	-1,0160194229340287	0,9061769134771803
1,1491422297762048	-1,1419109525822355	0,0247133535663433
-2,7309120411831134	1,589061124386975	0,0295598994568953
-3,3174608881720933	1,6725400103302912	0,880083399171823
1,679264635680872	-1,045773206186414	0,8415479437321932
-2,6965087678045063	1,9992768248461226	0,37793379148203987
-2,9599891661694375	0,07781470620239528	0,45713598132118727
-2,2535957151613046	-0,36497357390118235	0,08145290083817425
0,6631980679618715	-1,4535122944246701	0,34169852719912563
-2,635951718498464	-0,13953751182314356	0,7180726825732185
-3,6029805558677634	0,6615368444921905	0,5486839601905706
1,1000822261382817	-1,1182477557233559	0,00045658096359868505
2,0367224051366337	-0,6264859675894323	0,8850352619728611
2,189046188389057	-1,0834642632714702	0,6284489033080669
-2,7646410885273234	1,7249753967772121	0,25646386004191213
1,677746647705106	-1,277923175299757	0,5665030773415921
-3,0740581860187692	0,9707033286824431	0,5233764040813795
2,603959368792518	0,2000659219534865	0,4014476619863666
-3,262725434576466	-0,26643309093212664	0,43087040754243966
-2,639295442497217	-0,11049942814418912	0,9094073820192048
1,8568650712678791	-1,1218128778992904	0,8718655953854284
-3,3592593559201047	0,9220625927379927	0,653976120151325
1,8860127909464066	-1,193837729271919	0,7862986538117658
2,590660700688498	0,23886478179678738	0,13694008758241005
-2,6314559471364065	1,3944065043529301	0,5646721610963334
1,8557749738606666	-0,8569640813188769	0,7885587451951575
-2,619110759364556	1,5297436202662167	0,1741595481758077
2,0903411252472885	-0,5164583692822367	0,27907076341352144
2,5490855443415184	-0,569734841147344	0,43894187069683865
-2,3787114579516038	-0,5872743228262614	0,1047734346061785
-2,496937229283887	-0,13108235445103722	0,1299658147430861
2,1431376114456295	-1,031213437581707	0,7008830552091107
1,9252122487686345	-1,063456672354445	0,7696142505392081
1,6418982838547853	-1,5022595779927337	0,5477599326833337
-3,2412209394747964	-0,06325295714882706	0,8749100660085646
-3,105120076125904	0,7795105169842809	0,7366172203969477
-2,7808935560999313	2,007385032145324	0,32493952199287646
0,6173654691397596	-1,6522610988135962	0,8071744931790149
-3,097151259354048	0,8561827392330166	0,5534428292662175
-2,399087959721988	-0,8158150378313884	0,3334704105891667
-2,794264410245794	1,7115246100154318	0,8708683524897678
1,4421738611780643	-1,5697078706566674	0,4467222746971019
2,489891834854921	-1,2409175058066	0,1900894425761418
0,4097342737534161	-0,9741446983553498	0,915424169045596
1,7947969964094346	-1,1426043918143405	0,8886234251168853
-3,3720740970013647	1,2621592092896678	0,5095029076600317
1,6877422510955367	-1,0035393360001827	0,7446616898211009
-3,3295164719479438	0,3511934591582343	0,3279860864164813
-3,1976482892113687	1,2541484730939048	0,6163063801423857
-3,3540142893076035	1,7174775722930393	0,9872726799073688
1,1389681246829741	-1,1335606886885274	0,7795939047645029
-3,248719404519152	1,1464709458717348	0,9314066456602803
-3,35835079543307	-0,2299230863638858	0,22471396673575017
-3,129444057466122	0,9512876335078584	0,6164415978906398
1,6683110421118923	-1,148952121683171	0,9077812620334115
1,5398987273827178	-1,7291293925982627	0,6777067376335303
0,12651321306717644	-1,2020147725071415	0,2725673569964091
-2,66279533485099	-0,735605318415852	0,5390260998485016
-2,804412081881497	-0,18521719830044037	0,7724855923991255
0,48815226273338175	-0,9377709572661235	0,5062098353953889
-2,8822889922622057	1,6481831026601146	0,8272491084300893
2,513103151149252	-0,3531949100627231	0,4143049062475336
-3,2211727222079545	0,8594394484823424	0,01270715870735517
-3,211276287733881	1,256122122550321	0,6662247803952043
-2,112058620724907	-0,4766237946484344	0,4452497576680696
-3,2421798612865143	0,8882123572577962	0,6156302445063506
-3,4582935711411666	0,7252233659264966	0,545654152782983
-2,755826183254094	1,5231456824095884	0,9725053137737989
2,098078684058422	-0,8254904910012543	0,32889219907645173
-2,9195999343194763	1,5873226094519448	0,5242261994205069
-2,5214393129951045	1,4824025798791727	0,17858076063261974
-2,851129871782817	1,2425485730295003	0,9166365557565419
-3,77088798438502	0,9019414655204387	0,9874956576006605
0,3388150184591878	-1,3490626226254405	0,58021994975427
1,640470494338222	-1,512160484880403	0,7870180592426674
1,5450359912255647	-1,4330854251050538	0,9588760815678525
-2,75552825233574	1,3144592486971294	0,8843886376645562
-2,418772529756753	-0,4809168306760627	0,6713554389251795
1,303722167051233	-1,5455698708753842	0,715499987710371
-3,636490391815917	0,6379096868289814	0,15932437300245617
2,666974311004096	-0,11886658293949426	0,4840538633240442
-3,375275018709252	0,5961949248281655	0,6216294797142334
1,3000617533067897	-1,2731144702836068	0,780748080751245
2,064879971454417	-0,3306839622943883	0,1398438022179056
-3,080910008735457	0,27169060373028714	0,23331195254673498
-2,684082001486253	1,7238466425685814	0,31302326455605
2,3183971763296416	0,042994346197424926	0,3874351460275822
2,127247562038646	-0,7875642956707791	0,9341276757640345
-2,7760909242807443	-0,10723292767848291	0,5688605505005266
-2,7687625597757273	-0,262377569495281	0,6378130010660396
-2,8982763702556937	1,417814654816976	0,8089852074969243
1,416580002023147	-1,430422750059337	0,0946484021176689
1,3550552908039237	-1,7888377880041766	0,22963583251203767
-3,273305853401109	1,195356865786188	0,341930118640712
0,9031075701136789	-1,0821808599385325	0,020060299544542692
-3,188065158647421	0,6418043977892797	0,2988405960477398
-3,5988293365721296	0,46731935605801783	0,40260829013075716
2,633208259244208	-0,11767036876666986	0,8997360865536573
-3,4556221499617457	0,4076322944792594	0,406275636718921
2,1705478684342827	-0,37344913514858014	0,7739144226558085
1,8140743257179883	-1,2025713594446579	0,8073895675195059
2,5195845100837024	-1,0158675358370108	0,09562655758203631
0,6937000748682289	-1,0090799881813766	0,5429942475405315
-3,100359829900871	-0,5005926633536164	0,9182734471254629
-2,762090540725612	-0,28889687251791585	0,9978259086645007
1,2322508404072985	-1,4650566225867232	0,24942068760747138
-3,2849541703676164	-0,3860546043154327	0,2068331957853028
0,8986914677622799	-1,70520864132834	0,1921503778409408
-3,265460176920377	0,35267652956623924	0,7481429222768823
-2,9936206913831893	-0,23833420981456488	0,23523611336518424
-3,060782140444733	1,2476658604415873	0,06166617761178039
-3,44287877481632	0,027142625464608328	0,13365514688250757
-2,625719121092663	-0,42700570307099883	0,18784829031170924
-3,012622471943249	-0,6266680235965751	0,77930195300608
1,9832608590657133	-1,5040395690535424	0,7650482538727763
-2,834394799524224	1,406420342153743	0,21180246878231423
2,1288866088363205	-0,26453293453678395	0,8088102250761944
-3,0233164628831233	1,22935338740621	0,8871873757995298
2,155646778821221	-0,8737723130098657	0,13246934742987115
-3,491974072266423	1,0178752918361131	0,8069283379268875
1,680394441545339	-1,4909375337365822	0,8278262734460571
0,7685298162354809	-0,9676763609686918	0,4014840493154924
-2,5851377199951067	1,6750527769443422	0,6037918668710801
-2,590613544187474	-0,8088391031201341	0,6869476406261892
1,3776894214775748	-1,5557522352861943	0,22658015803156206
2,5792032164072234	-1,0884989882576617	0,988902084383881
-3,0245037828064962	1,5531647969105151	0,46721753932887533
-2,8020653401049347	1,5336903886781847	0,03860183916893889
2,534828300659883	-1,1785784276599602	0,13765442233548797
-3,0632504009417163	0,38146825132746626	0,612315807024952
2,098520616686165	-0,2536583743854479	0,768774923185474
2,0808730322737587	-1,0797495903655452	0,14459988758195041
-2,712289675513957	-0,06225874071002169	0,7432651167097734
-3,730633937202942	0,34294243116684714	0,9458586483990091
-3,199387914920311	-0,4613966681778241	0,39579569371522294
-3,461811442572836	1,631468996930347	0,027735337684372308
1,2415624218911732	-1,3776076233312982	0,2812287163783138
-3,165139127231158	0,34261712380906595	0,5202382212366803
-2,3091942933718297	-0,2203808618820292	0,8152388305391147
2,055608029834594	-0,410712006415712	0,9824134667132991
0,3898169415438312	-1,2213102033030327	0,5962020234918279
-2,7717545359504845	1,795389121135056	0,8855358193483663
1,2543212888136581	-1,4373298916902852	0,15610925079408033
-3,12774092303273	-0,05370097415128261	0,6124677891986701
-2,93533549494381	1,4017359252528616	0,5529413659237619
1,4070266640570044	-1,2051594794137535	0,37240813563513897
2,328010852810503	-1,0203706422248269	0,27587900897213447
-3,1975275966971073	1,4570923464614864	0,9585302487405256
2,1805605405293864	-1,2964974667395568	0,4517528926511293
-3,299419604879014	0,3788887702125572	0,3790702549148329
0,6672893213559343	-0,8677236239853501	0,26621723542506814
-2,8466909921708607	-0,5520006176016765	0,07464138438864665
-2,4588558695366993	-0,35850528414895777	0,7950142486971519
0,18350544973428895	-1,2046448914292385	0,6977310171644097
-3,044539915397863	1,4779815760580006	0,9046037792582604
2,2855900116508368	-0,05911636018483157	0,20502417119494076
1,4064349888355294	-1,210526685390204	0,8995435174398319
-3,7215126343958485	0,2087980285682114	0,5727811883167149
-2,7107688451003367	1,9204583182164894	0,4927070580373617
2,4297044415485933	0,04967100865877644	0,8163310976012008
-3,516394955584671	0,9623774377401384	0,4689786200979552
2,124812657895352	-1,0035886676274461	0,915984862905053
2,5628359680696864	-0,4753145710128784	0,07172316045419602
-3,2598580290193917	-0,2172159953906323	0,6774094539971589
-3,1841338827350723	1,15097701388731	0,650782353889382
-3,391491889956485	-0,25056177930852863	0,8464456668487386
0,37197509244222815	-1,1374245747105096	0,4934623555447867
1,894531921929856	-0,9597252004056767	0,48503702406261917
-3,7981083720625324	0,8330063446783157	0,5589045741300903
2,2008826705627533	-0,7849722391708551	0,6802418105580885
-2,8943473244647326	1,331719896558663	0,2731826324558444
1,4191022268919171	-1,1796960095067293	0,8729223212437475
1,953267893096815	-1,1809073316909648	0,7831354640879667
-2,9500404154148407	1,1860768044012748	0,15550691746515344
-2,8643058863198716	1,2099093901852118	0,6480550806426781
0,7419590751504203	-1,701557072897217	0,3951915286558241
0,2782426551063615	-0,9547591843060093	0,042075528043102106
0,9803667140122226	-1,2172254625527026	0,47590638351334835
-2,5611927850576315	1,4969221889985151	0,3349405750762462
1,6501858514196701	-1,2887204887171482	0,3219786860308236
2,032178011760966	-0,5591952861514564	0,3920858036338468
-3,2278511793617364	-0,16891697728640076	0,1912177223836592
0,31986880847180277	-1,4907729749894973	0,03030659495091914
1,999138547149629	-1,5951840547889427	0,4162252279324157
1,2789972690762128	-1,8166951460011258	0,21561801893593102
0,9837176853761156	-1,6987581581654128	0,1803871629970295
2,0367340654037602	-0,5904370315284178	0,06821569135079131
-3,127544694698403	1,1438655641057802	0,6136673147213111
-3,0642887990687973	1,746975060573578	0,7899963362295915
-2,343800616439036	-0,8398329190537401	0,1031989794425694
-3,3214440073964155	0,3006185768627966	0,899394334573387
1,6414056977808082	-1,3142992900227377	0,256195666354309
2,0039028084857096	-1,4333256109376613	0,23564582966018788
-2,8921591942771796	1,2398778386524756	0,7601405278896135
0,6281470571118941	-1,3024843971842228	0,30132365426272034
2,1873968324889823	0,03678071836413277	0,23758900198069066
-3,0589351418221575	0,13511024544868644	0,21212515722582748
-3,453488594781577	0,8913732247940436	0,09982914779000995
-3,6103251332620316	1,0898937620208953	0,9894267843773564
1,8430284798901022	-1,12388740172904	0,11000159538771892
-2,9013129894828458	1,5152256418811763	0,1827962123564001
-2,7640594885976397	1,2973596235130764	0,7494104828247158
-2,760787911709877	-0,15709740397891914	0,09632610915707818
-3,4360793740237523	0,6889475437369439	0,10432136093058897
2,264272073993962	-1,1418140828759502	0,8152706455509895
-3,1780443862200167	1,1494023506856794	0,31560430519412386
-2,8755916809894853	1,4933303585146014	0,07882240303823485
0,5017227532509024	-0,8012378000431611	0,9116652575450644
-3,1444942735335037	0,4680751927644515	0,9121089618119663
-3,423075399110748	1,3673521289103725	0,3073456509373147
-2,5461211015867153	-0,28968790003421185	0,5688784076679407
-3,1046000354544145	0,10293504427114819	0,3978410024504889
1,8379987247615859	-1,6137405299528105	0,5510217674042371
1,7304315998791455	-1,0154288649724337	0,41712801130681765
0,7634483426745877	-1,6651728867923477	0,5281080077357861
-3,546615824738365	1,4845346107303494	0,47677353657640353
-3,489615655642794	0,8541024545133824	0,45037056196695446
0,8832478786264548	-1,4301169791221087	0,0790891997356038
-2,95047992087523	1,103493035852611	0,1807994495524209
2,2770303474172673	-0,2467620029162243	0,11867925985924532
0,919631748638514	-1,7855608414950517	0,9251916537672777
-3,6129323872442933	0,3939019991627166	0,9001590938765445
-3,1115709346497438	0,6569648080104499	0,9094405540771684
-3,4709099595772637	0,1530208857728963	0,31306397185767354
1,6621601726115391	-1,193904687131722	0,1203819568118285
-3,1247229635714344	0,8676657171580221	0,9312030397165302
-2,5855607651683985	-0,4002121241380119	0,3356637362466528
-3,3605316355814474	-0,06689502085235666	0,7432516455672132
1,4727357080179826	-1,4449143981062482	0,8847212411744093
0,8692630131186003	-1,283662929130992	0,8376142611492399
0,5222588326184007	-1,3587714071287467	0,9925231768746741
1,660212310940215	-1,1025892883713126	0,7672516779710103
0,8771734231917343	-1,3423014507142135	0,37100416155780647
-2,8209753172369894	-0,3121397833364764	0,4477908691857676
-2,8367682389727795	1,3134690084250051	0,3072562053802539
-2,959599380931395	1,811200181155086	0,6036258547950379
-2,8225210302390664	1,431000147618653	0,07446288828089043
-3,2135546273283957	0,4555136728592117	0,3402069447887558
-3,1145803910630865	0,6902683647021335	0,6607168563245871
-2,7093315242574927	-0,1474246996607611	0,6159471183421376
-2,361965086468758	-0,5198499305655946	0,01770596255131751
-3,063448657695635	0,09248879678898858	0,26128499214143763
-3,192145886996789	0,5587023835733607	0,8996638810178564
-3,2804925770818607	-0,4586931847507738	0,10333827413158803
-2,190335567471204	-0,27713392078884214	0,21307891904469212
1,7515958894140042	-1,280581297039156	0,009765942144742468
2,3781220406232855	-1,3004306623498785	0,8154302880984398
-3,0731797049932905	1,7007637375616227	0,03308980474340106
0,439690924842566	-0,8644818040336508	0,03317914768356878
-3,129650613044289	1,9060477608021786	0,9483276298223721
-3,129941859775799	-0,22129160449873786	0,5337362362761747
2,542569650965884	-1,0232786638437728	0,4308733033173531
-2,894658698002707	-0,7289045951981412	0,09845258040242622
-3,1426508948650307	-0,561964238625259	0,3980671128550226
-3,2238835276495648	0,5921343801939738	0,6220653627619575
-3,614959263454999	0,34023212457338026	0,1649128587730596
2,1390647770268996	-0,6432677441630003	0,8383455677823654
2,3773590184352353	-0,14017571034790793	0,5220775667404846
1,4556631321953262	-1,1452675618682264	0,05945075749476514
-3,677688556571943	0,4474524773616659	0,7610695467820335
-3,588526332104325	0,5062038151172804	0,5868478334421271
-3,266988357398879	-0,15310945164251244	0,015797885087701302
1,9522692403095916	-1,356510982884005	0,9165773963100287
1,3724640480891321	-1,276683583348893	0,3252609985552247
2,5954788356380822	-0,20134848591821708	0,9684803777939878
-2,4217830236216855	-0,5459138927011293	0,04185674298612441
-2,6944312600733715	1,4836577460101186	0,9115816931536506
-2,315433904676026	-0,35137539299768594	0,38432775275697495
-3,1942002925204007	-0,34547011908773717	0,04976711135999712
-2,213450942135962	-0,8402732462803231	0,29476525810584986
-3,1756042633581005	-0,11326370143329267	0,7326650557566764
2,1959313202261597	-0,6516759444733726	0,6060207445220819
0,4419903600523277	-0,8928245921538869	0,9476906693957232
-3,5688388652636007	-0,14460369803174733	0,022141812646420123
1,6177571312563508	-1,6045748417389827	0,8875055684027414
0,45907739114075763	-1,1817828332510607	0,05321361106563249
0,7405581939443676	-1,0685060813441227	0,8885526283298737
2,4817996891313365	-0,18897370699492566	0,7421619593804347
-3,553819254226582	0,8725020403708761	0,21379805170996868
-3,1449353449041677	-0,3293750132849421	0,28144088022694935
0,16618623411251554	-1,005767401678693	0,8353750951191936
2,5959253272222744	0,08076557663624606	0,8658735411075426
0,9756097523138161	-1,1169271318554723	0,28092062085403924
-3,1670247380673673	1,2790551824857006	0,16778726037448222
-2,6572995338740153	-0,43771817149198244	0,7009651067068342
-2,8149903425875697	1,5963891072083949	0,5111251035588227
-3,5664174032831797	0,21652783037426931	0,010377418552798279
2,1940577127881418	0,004118697663995696	0,10991550188586341
0,8525179669053643	-1,122477194879206	0,32750999945692805
0,8193473155838942	-1,346170312178462	0,08349502306977896
-2,5646349890299875	-0,16424754222574	0,33315006551649273
-3,352029068624435	0,6380810951736559	0,07639314164944144
2,3785673018669957	-0,24658220221905924	0,44255912038301226
-3,1474797395115393	0,5836990462744667	0,4786400460154496
1,8069469307969976	-1,0057050203888198	0,818957638718065
2,6707929306113365	-0,490627226324837	0,4446910963367017
-3,6988243145424313	0,30418142931865194	0,07461953977838154
-2,338467506772517	-0,4813234870398908	0,31719316891007143
-3,7759103505211575	0,291391529446302	0,8220607528833616
0,969302915848582	-1,5042769378296188	0,6623459870206791
-2,9045679027624876	-0,24174844258068728	0,5518113159988414
2,2833707935187864	-1,0985896891327283	0,9043304163721361
-2,7259839729798014	0,0010210752599442152	0,04617052360982332
2,572844118223618	-0,284928982630286	0,6541014175428895
2,2541575335459814	-0,8385339459100773	0,18727313221749642
0,9396960141494332	-1,181621669903555	0,08617382345790947
1,7203657510619224	-1,1019236754573258	0,8267699527227402
-3,118539877673748	1,0742046751949013	0,10439216269714435
2,060641375878248	-1,052346670334215	0,9834857834570913
-3,4732761473479785	-0,11253473879391884	0,776460483161078
2,125437902389935	-0,38656402002858076	0,09441059217818781
-3,030248655921944	0,09764725038962863	0,3588739637515157
2,210670462270053	-0,1463727279041598	0,9351344483206259
1,876369748706699	-1,0430995782374373	0,37264958040423224
1,654217662622573	-1,1077034968402162	0,5797344724658415
-3,028748413539539	0,25846288105797033	0,7288747326641328
2,7066614989586544	-0,3487013323549605	0,6298812872077402
2,094904753422302	-0,29115296435137294	0,8556331225206927
-3,210029581536559	0,922761366736858	0,8820152047341189
-3,401698331575176	0,9660759267936868	0,685591651875687
-3,3429848979636123	0,9270919350764328	0,4069341340442273
1,6954417803982587	-1,6421783506341299	0,34967327194682996
1,8767507197539395	-1,3292312572493048	0,885317575598946
-3,2529804044192154	0,06885787076777583	0,189230086025844
-3,488527108832454	0,7452446664615763	0,47439829371748055
1,3254459035286636	-1,5561191905122922	0,05033781682136118
-3,250293952602939	0,897359864684777	0,6026778315801049
-3,281057118655214	-0,03957092686709973	0,6814983676557228
-3,3888113030694633	1,6172183941319829	0,174651447131962
2,6130127927951454	-0,2315821546819048	0,1057223977492664
1,0085919394994176	-1,3921348282031887	0,5769198732409775
1,598389275319914	-1,239381784452842	0,12975223049745455
-3,199671380594128	1,5963762749226729	0,9527335311568784
2,2706584766380224	-0,877032302234916	0,38890110031425595
2,6452546100699266	-0,22200019502827062	0,0026879111024136204
-2,8315796677256255	1,7820640007489552	0,18375509391374334
0,4932965988849556	-1,1435589073090515	0,9156709484616633
-2,447223406963075	-0,2699904558029159	0,35554718582635614
-3,2064530038646955	-0,04434698264778114	0,5496890474796564
-2,6032544461954408	1,595589169527849	0,042827584552817544
2,373988270508904	0,12910127682626882	0,7437336392443291
2,0111562113563988	-0,07344447679280192	0,23412273376810078
2,6751284137616276	-0,70978734803059	0,43152573422679275
1,3362758514902824	-1,843544442242563	0,7942607804276255
-2,5576853305081984	1,4912535596729488	0,2821958407598997
-2,619623311069073	-0,28830838039686335	0,5387193137604463
-3,016192182222947	1,320114623599813	0,5779096600580208
2,0410318997520225	-0,17375223628040815	0,25557777469334864
2,1401000380528084	-1,0396559686773457	0,5382846716398477
-3,5326853821726267	-0,18552814151661567	0,7072263296464357
1,7264270436466738	-1,0084387248227475	0,974766128354094
2,117699435641376	-0,3128711289195326	0,9827814652501915
-2,459708512184543	-0,11664365318741199	0,7084367492285164
-3,2149075296611613	0,2749188724245981	0,6200936735222758
-3,0105451447916325	0,06926258644583005	0,5843797147362843
-3,0224219568191955	1,7514263898134361	0,08315915647471994
-2,781613030767501	0,002067120478584039	0,5545751242825668
-3,7908660719063754	0,40190926913425906	0,4240034420273715
0,3884076222370978	-1,4097263347072349	0,5079701269212811
-2,6454850161556847	-0,312049195892665	0,03595254824537386
-3,396555966465545	0,5087453226409503	0,7214987199309615
2,480761161568976	-0,5428779661722845	0,5476636241737842
2,564733049369597	-0,7142643100545176	0,14336795163889293
-3,161103410506195	0,4802309767559634	0,6267633665552687
-2,6858844268365556	-0,2173674416067214	0,4618746467638085
0,586948498478302	-1,121021344361591	0,5804829287171994
2,08720439453041	-0,6383691363349524	0,8092685877231517
-3,3637573181509355	0,7492776213217675	0,3331917294345539
-3,523146529156034	0,5149670251194634	0,2922320886188394
-2,8175360022488527	-0,7638474069347128	0,08912048336536715
1,5028634599575752	-1,1965116438012895	0,6668574204074075
-2,9151359520081632	0,07778960120824041	0,7688360550952302
0,4080703209157167	-1,4025005050082067	0,02032560333854938
-2,3656343830292723	-0,43902899993623157	0,7684773325957137
-2,5225604195628546	-0,16550364826308794	0,5329025293590108
-2,5649978192733682	-0,7310907395584383	0,08629329551207865
-2,751659016068126	1,565145088103992	0,8323745761467473
0,7480983314786968	-1,490294994757119	0,28335015571325817
-3,5528708448630866	1,385402677907903	0,749365921155483
-2,469543689342648	-0,6602062729047022	0,8856947865233333
1,5934614794992772	-1,52141397292667	0,9978745259174144
-2,7154046495879305	-0,527906820629648	0,39580265618683985
1,549910728288635	-1,2284976024633103	0,06384466918716236
-2,283126926701695	-0,11652715794022617	0,0646634448114024
-2,9572694175114425	1,658740887847161	0,9858915183464706
1,9772479960699287	-0,8174124531066717	0,9086335399494765
2,1128101254340024	-0,3010052217448087	0,7639655893933852
-2,291113761268142	-0,14039253735520574	0,3243501569139382
2,1834395254569143	-1,2169109655015466	0,7653383355889624
2,478177713733655	-0,16011139353014325	0,4094104264876416
-2,871354307025247	0,12359515547288813	0,031191972558560876
-2,736638703010339	-0,7461525177245285	0,9391970580453854
2,4185978205021845	-0,5353719385226294	0,41376508072597196
-3,635020958855791	1,2759512727858482	0,19373142057858928
-3,3846420261026733	0,21149881471189913	0,9354453190603793
-2,734983024708967	-0,15525182265745652	0,26501632706515443
1,567220303215353	-1,5470722928321536	0,07478791910371207
-2,944381739515004	0,005161469843691924	0,7202179422736178
1,4424670632978303	-1,6224003238565432	0,7292348863159857
-3,3111492393459105	1,3306962428448001	0,6883397873714618
-2,705338208326468	-0,511771749151892	0,8589976602249909
-3,1439813292816874	1,6577271348203213	0,8447108271691449
0,34273959650413455	-1,1264039726493464	0,8050464248915146
2,163728757808729	-1,405776304666705	0,2609629407309243
2,5216077905667027	-1,1819045769648118	0,1575836816528563
-2,935444268081014	-0,03895477891814736	0,14637634498899366
-3,2865229019317455	0,11908228911285179	0,2728065155493008
1,893141461511541	-1,596122248243823	0,11589002238921198
-3,153529557596097	1,6592294265595149	0,9061535955622485
2,2523020976997046	-1,3656747631788293	0,8436817604708334
-3,7127976310961275	1,1407929859099555	0,3230138451120883
1,923336960627291	-1,1669985827871303	0,9150212333627422
0,4386413510543149	-1,069220291265728	0,5218429681624183
1,4314323304917296	-1,2029813498158757	0,30204591217479804
-3,120305701646508	0,3828904951845537	0,9107010298118476
1,2082597288179882	-1,4782679136242671	0,7893771752821411
-2,488123742858351	1,3851191773198357	0,5136162810771133
-3,0830526989432716	0,3903026220004687	0,5692958699686033
-2,183797296914678	-0,18331087750931951	0,13068902222832512
-3,1112745873769	1,908085287106588	0,2764269487500488
-2,9946175617265185	0,2415485315885107	0,29214945276244586
-3,3202756736836867	0,4389481398288314	0,8319497268923889
2,118675936484303	-0,21810487258774175	0,5274082011154346
-3,137115841969274	-0,11657372536635724	0,5679853619828839
2,27204508239236	-0,9896898661933131	0,8000527459020766
-3,1673135216742896	0,1592737874925214	0,4642708684005574
-2,226977493559374	-0,234979431647519	0,4482253630440921
1,9987527271800705	-1,2746381223537315	0,9445426041757229
0,22022460827311807	-1,0130321548688976	0,11391073029860677
-3,0624382411817344	1,3397483336473337	0,6474546492064357
1,6686209383512258	-1,5967554603303382	0,9254394884284257
-2,911979627770023	-0,10839287409169496	0,18991161404556933
-2,7806226951099986	1,8231762881094942	0,036364042061949986
-3,073358120028643	-0,0591542680984275	0,7508984111219328
0,5489836037327983	-1,305009663353696	0,12355043211940187
-3,399227287446263	0,8946984262961728	0,0221426592631353
1,9617322680383535	-0,9432189580684955	0,31819572648582617
-2,928559394908744	-0,34186752244867713	0,7271516217284533
-3,401153118593254	0,2663408125667195	0,42194468987761746
-3,7421299347825876	1,005459012498587	0,9336188671810973
0,7514019505085795	-0,9644442775513014	0,7024061675924702
-2,159159792876653	-0,1569438910955987	0,3165168459441201
-3,2684251273714713	-0,13527404893178585	0,6729197367918736
-2,1905827947958727	-0,33334233705941474	0,47483717281096416
0,49153806677046386	-1,0554241748999997	0,505410425126749
-2,7094735340594207	2,0404412183962863	0,4658592733839243
2,3060463307361836	-0,7355007993823434	0,715494662176143
2,3823867225777873	-0,14119978953535695	0,5675591247640899
0,8551442700130318	-1,638265278356441	0,378551444491831
1,9472401191813171	-1,60793755076318	0,294276225675169
2,71084437955975	-0,830201193600957	0,3839453007955054
-3,4586493246671006	0,2555967822057035	0,6639981427867457
-3,1078750349085853	1,9287420090653382	0,3073060918964561
1,8038614601350722	-1,3929375038459768	0,06909349132763243
2,289923737131047	-1,2066492074293098	0,009336718806953748
-3,1146864969403074	0,7517479283168509	0,12781419751483025
-3,7409042328109137	0,5590613538877208	0,3286489647401488
-3,5305752800192307	1,1817252867700128	0,36422967799442696
-2,733140113552	1,6575828720227004	0,04609298960672992
-2,223346701948928	-0,284417297980474	0,5390884699829486
-3,2753360596029872	1,6284551574675372	0,13463864213528554
2,258639879338059	-1,5055718291760618	0,7650008220965892
1,235296844701404	-1,825723563542187	0,6683329296283471
2,1678488908417535	-1,2928241648449852	0,4671345262219484
1,1247458269337212	-1,5978151910224407	0,15429113292743146
2,4648318490234766	-0,09066172669480876	0,22489441335330773
-2,5132945366208546	1,409040060451923	0,2732931673348443
-3,019896623404784	1,0235142640886499	0,8942325988757287
2,523387024934001	-0,14081381621019912	0,8227779672740898
2,300686634444239	-0,5549480599624947	0,8879049470948112
0,6867853556023321	-1,0482372392029773	0,22588738917836393
2,559762064734283	-0,4719574302660494	0,8308245904001261
0,9607826608642046	-1,6393450681685142	0,48751249854502
-3,325161640628585	1,2056844815964047	0,48173701812442593
-3,353537413465717	1,485032256314751	0,4782258328778932
-3,2160589052192803	0,9189649486249787	0,5240902110358433
-2,7198799769081954	1,940281280968353	0,12467898960224733
2,459998671740126	-0,3628821178719915	0,8221238005734595
-3,360948214248526	1,1347545544280113	0,8740384618871248
-2,5148568503824076	-0,6889164444330009	0,08794510341170891
-3,2498888785821394	0,9408077349116988	0,8826760868663733
-3,8189281426882533	0,6833919631385381	0,23982227342343
-3,528156775172077	0,48311383568536426	0,8349392812043491
-3,5727585752131406	0,7933047498142832	0,6784424882848267
2,205600191841967	0,0728006754047833	0,2690280118880577
-2,9448542482743996	1,6676896141140594	0,052321800236143745
-3,007233697143049	1,3987841197646542	0,8440348916589508
-3,6500014230159863	0,8052727650908469	0,28982245220860314
-3,4897452417556147	0,20793125033377569	0,6084246512151231
-3,471628581654385	0,710658558075276	0,20659548042029596
-2,8573408092343584	1,6320176788339569	0,12241875374857292
-3,133074423293433	0,09370145737400581	0,5621352500348357
1,4546611622236127	-1,210801117385373	0,5156860984194133
-2,5669717540422177	1,762966828965585	0,45728151527270244
-2,6918232178189507	1,739221873733355	0,6540069086157176
1,3154727511398194	-1,212457819835842	0,382888861076662
-3,2383727128960933	-0,44500948223348535	0,3640336361794455
-3,001059123804658	-0,06905411203152334	0,052759050246728556
0,36286708584719773	-0,9382069035992487	0,80701142875007
-3,5590508788053214	1,1288674832407821	0,6333691287969093
0,9428887390822014	-1,3373939571437572	0,8091041187870772
-2,4854739732657807	-0,6955262663349704	0,7343219727861664
0,30318465531979133	-0,9968855771812177	0,42265159608213343
1,9275763673394573	-1,239411055426551	0,5969571520951502
-2,235463374251842	-0,39077565504588474	0,3271347846393423
-2,484727908322788	-0,3908701288138867	0,8806754494536384
2,518188447622327	-0,3536284358746762	0,83215725706156
2,04420353683199	-0,9247001523133854	0,2045250272005671
-2,9666217538794615	0,12112188356368425	0,5734462706737933
2,5081781705248885	-0,017487055710629806	0,14172303683420806
1,1815229693587923	-1,4156097272743287	0,6342090798953373
1,7351617884216144	-1,098698718755938	0,6904819945338417
1,8417024296905529	-1,6451460514942817	0,07602815686906994
-2,8466368371568733	1,7239932535896807	0,8558937573424277
-3,3255687202941813	0,7660522045680862	0,04349825754287262
0,28909996020516726	-0,9968585069856414	0,7837625153103709
1,0066678554982642	-1,2279570528451889	0,5463558633375729
1,0973325931922833	-1,2872640053316702	0,9639038380763499
1,2775992729125405	-1,2709494468910134	0,9839660406489433
-2,344833157158507	-0,2933574872802521	0,6924156137421642
-3,4132512790768326	0,7424863417691532	0,5902377484220326
2,1522343191717828	-0,5314655060145046	0,917599514945482
-2,229140732376516	-0,4471194374283023	0,8327930345640917
-2,92173251732084	1,1701458960187288	0,952333273650318
-3,4697458873018583	0,03401517838751156	0,511516490676646
1,7015194930643165	-1,0456944576065579	0,04050814691746785
2,4369088279947313	-0,3045670241293499	0,8399540476130878
-2,9868377358627742	1,6422764173566788	0,27164190805472066
-3,1341489941973935	-0,2705170238739262	0,834191535154107
