10000
7640
5518
1298
2711
7169
6273
3835
6900
6160
1572
285
6129
4692
2659
6051
7720
3520
6069
8376
5489
7724
9554
1452
7133
5601
7733
481
5959
5122
6984
8976
1623
894
2076
5735
9499
5841
5145
9531
2696
9551
8027
3707
7068
9302
3911
2667
8818
3961
9224
5053
5073
6615
4775
4469
5293
1759
2701
465
5151
4041
9423
397
3822
8126
9248
5448
7535
7449
8222
5749
8560
8129
3797
9891
8251
1918
4831
7468
6674
7710
633
3910
9274
4068
7706
8982
4113
6537
6012
1548
1170
9999
6177
9475
5063
8737
7251
8668
1900
5533
3118
6885
4153
7002
1930
8369
4220
1417
2685
2716
8442
436
6219
8559
2289
290
4729
1565
514
7285
2453
1641
7632
8572
8227
8575
6295
8184
3112
5651
4613
4716
6193
9160
8732
5701
4484
5201
8669
9965
7843
5995
6886
4137
3487
7756
713
4561
7503
2747
679
7260
7055
2615
3596
6185
7175
9601
3646
1889
9390
4433
8768
1272
2876
5071
4113
3747
5313
150
9170
7575
265
3271
1054
4900
8215
1520
4611
8586
1604
6238
2194
32
3899
3098
2278
6081
7053
1733
9437
3745
9239
7505
2707
9439
6444
4766
992
8196
62
3020
8609
2791
1299
7899
6027
5995
6185
1059
8562
6501
4998
4715
4165
8444
5390
3899
346
9102
4757
6709
2184
6653
4078
4148
6748
4599
5009
6881
4489
7607
6639
9186
2896
6508
6269
1060
2815
7126
4416
9801
6092
1279
7122
1957
7613
1413
4415
4086
1218
8666
1248
8082
536
9581
4546
8690
1361
1587
5186
8560
4943
2249
3946
3184
5389
7689
8665
4912
3325
1246
438
2212
3672
883
2723
9859
7031
1704
5883
3853
367
3245
1278
1477
4753
1752
1939
7618
7341
2216
2122
7249
9481
1946
4353
8293
9125
5577
693
8030
5093
9307
3223
3600
9285
1292
6929
2011
6945
7063
6805
2678
9946
6934
5592
1546
319
1727
5250
8491
2314
677
8487
8949
2213
4515
2892
5754
6217
4753
6982
4090
193
3682
6822
3298
9140
7530
2070
1640
3446
604
7653
3936
5033
8585
3832
7074
4551
8841
8868
2515
1848
5954
7443
3961
3029
7127
7169
6043
8562
2886
8839
8753
6821
8032
9232
3024
297
5950
1084
5240
7650
9344
5262
5583
6040
7465
5303
8630
4353
1097
6677
8867
3365
6628
5245
3077
9170
3405
480
80
3590
7916
6562
3730
102
3539
3882
7636
8133
6846
216
1550
1991
5092
371
1021
6476
884
7913
4517
4348
3306
3578
8071
3740
7772
9944
6821
9255
1154
6218
1144
3226
4299
5127
4467
1426
6612
4507
2241
6643
2130
1245
8361
3189
488
2696
4113
1311
9068
7090
5609
5642
4796
4797
31
3822
2142
5239
1857
6516
2721
1514
4431
9120
9697
2990
304
1547
4506
9329
207
9652
2140
8588
378
7382
8839
3034
9734
1972
3463
3622
5225
2617
8646
4302
7979
6395
1342
6251
4554
4401
3736
6001
6912
4616
1678
2559
6779
1788
9837
436
3788
1869
7650
4170
8588
1201
3573
7936
3050
7852
9880
1790
2369
8717
5967
8975
2202
1701
335
1175
2680
7884
9364
9175
1642
7406
9456
1908
9421
2756
6800
1067
705
1771
2286
675
2212
8483
5603
11
9850
9195
7256
1044
8700
6422
7683
9949
245
8245
297
5970
4800
7364
61
1151
6378
6167
2684
2746
7008
8120
6585
2306
6023
3514
3354
9988
2575
7682
1971
6139
683
2484
3098
6696
5030
4036
8922
1599
9865
5058
7554
5589
3224
2267
533
9086
8475
4905
3921
3794
1333
9798
4221
7989
7029
509
9670
258
2296
110
8725
8807
6606
3242
619
9781
193
4235
3560
9555
5141
2628
7448
7400
3935
8110
8274
9332
3751
5709
464
2645
4235
3727
2734
1649
2886
1180
4932
8594
304
8473
8402
3613
7917
93
6117
4962
6094
487
6056
1865
7808
4922
2673
6369
4006
1276
5314
8043
4338
5979
1510
7848
9715
9225
6987
592
4158
4104
748
7491
248
983
8373
2049
7150
2650
2678
2520
5552
7594
6288
4804
5074
5674
7316
3336
2026
415
9789
463
4156
2276
5671
7237
2735
7078
2987
5711
9933
28
7544
3952
7490
4036
2245
6701
5238
3019
8705
5525
4510
6513
2882
8139
1710
5497
345
1142
3811
3205
4331
8734
7412
830
4797
8934
5622
8128
9972
7707
8443
5746
3252
9001
69
147
5093
6441
2601
1216
7136
7460
4923
3728
6291
3762
3968
1446
2242
4906
2348
2866
8390
1496
7097
5545
3070
955
7302
1822
7527
5126
2301
8280
4809
7805
9675
640
6347
5476
4964
2712
5084
2978
7367
6081
2339
5096
4714
3690
3316
8167
6604
5232
4715
6445
4967
1258
2889
711
1629
7171
9691
3224
3423
9380
866
5439
978
9014
7537
1537
2785
2043
9591
2771
6584
3428
3034
6935
8827
6526
9481
7609
1273
146
3432
9643
9344
5715
8957
6485
2926
1860
3026
6143
5986
238
2612
6277
1029
179
5320
5048
6159
484
1273
4063
8235
8044
5188
8852
3135
7443
568
5735
6407
2292
2878
3862
6103
540
4572
3827
2663
9238
9053
1300
603
4436
407
362
6196
5917
2442
3869
1792
4593
3931
9387
2837
1751
3036
1980
3171
355
7240
8102
1503
5724
7440
8571
6548
5805
6581
4959
8981
334
3423
1623
3468
9279
7286
5264
4545
795
4757
7106
4890
8148
6721
7114
1276
1779
5103
4539
7141
5283
291
1091
8812
5786
5531
274
3276
5918
5941
1779
641
9490
3403
3791
7411
7465
6366
6182
1619
7972
6330
7640
5791
60
8528
5534
8998
5773
3315
2934
2405
2026
3647
7368
9809
8481
5588
9132
8111
8374
6106
9083
7131
5501
3954
9648
2660
1032
4658
9147
2760
992
6117
3113
8785
7296
9811
8488
1041
3659
4210
5978
8639
1425
2698
1705
1672
886
9254
3294
3685
3200
5913
4373
2558
7655
7610
6779
511
6419
2011
4377
9981
2711
5612
6670
8014
3670
2760
3330
452
8927
123
9008
468
5289
6920
1763
7193
8780
2562
5774
772
3781
1857
3966
176
2640
8581
8871
8012
2318
294
3391
1884
9011
9667
5181
2538
4164
6940
8536
781
9782
4491
1570
3920
4189
5136
4908
8080
7285
7496
1306
4379
8964
884
4444
1290
6109
9637
9089
3901
2694
5466
5291
6121
304
1742
6883
5627
3414
5170
825
3826
6480
3203
846
8491
9828
7540
255
8436
1526
2983
1018
4690
8487
4661
9109
4913
7760
6126
45
5617
7785
1646
2868
5284
7923
7211
1057
451
7412
221
8712
8202
7515
9917
6137
42
361
3896
4712
5645
7367
5067
481
2726
6397
7437
4678
3610
285
2809
136
4255
5920
4434
1423
6950
1970
2974
4698
4897
4745
9361
9756
4743
470
2723
5465
9661
5339
9417
3029
594
709
9850
4246
5551
6198
4847
8584
3654
56
4283
3666
353
9614
2051
7637
3135
639
730
3891
9688
3039
3648
2240
1510
4755
2912
8658
1082
8314
6010
4850
7420
4925
6607
4806
545
3391
2358
9418
8998
1464
6151
9036
1082
9467
4991
4553
9514
4444
5839
3034
7508
9431
3095
8926
465
4537
9559
2795
5497
6687
2897
8040
6452
1953
9034
7797
4053
4591
2377
8525
5367
7730
9135
6606
3564
4546
7200
314
3959
6398
4749
396
577
8686
6379
4978
2692
6304
2955
4255
2086
4908
8308
5174
1937
5492
6862
9403
3110
4018
4598
37
6037
938
3727
1862
2552
6365
1257
7952
7287
6352
7964
1348
8508
2107
9476
5154
6131
8885
7760
1892
9134
2766
8379
8804
9084
1718
3183
4620
7438
8188
7523
9415
8631
7297
3962
1410
1321
1699
9241
5738
1331
5920
6756
7413
8979
3306
6854
5101
5443
4665
2380
9595
8776
7878
3238
4013
4947
3331
8963
4781
969
3821
8225
6510
6949
6669
1600
4979
5776
348
4205
126
718
7704
7858
8022
4186
2953
116
2694
4705
1064
6778
3253
2120
6694
7307
9752
2985
4172
8550
7086
1755
4809
8402
6506
5197
2709
132
3372
734
4786
8834
6218
3220
5796
3612
6495
3421
1529
1230
8352
9317
9270
2520
8880
1488
4228
8201
4381
2784
1987
6062
2877
3410
1384
4209
1860
6463
2216
9593
6970
9145
7906
1048
5496
9483
6421
2189
9264
5831
1780
8121
6551
3232
3062
7695
5798
5291
1493
9890
3636
3639
8412
1227
1414
7322
1209
5426
7154
1790
9914
6090
2575
7639
1048
1128
1435
3861
3770
6443
9504
9274
7246
2901
2885
7763
789
9215
1860
5162
862
9279
8037
7345
6547
2080
1636
7854
1493
3373
7650
308
894
7905
4486
6865
9473
2460
7938
9319
7838
9567
853
9690
1999
1238
6807
9715
9136
3588
9193
3959
9645
2705
4397
7730
4778
3440
8060
1907
5109
2559
7967
1898
2574
7723
4489
5469
8679
7410
978
1719
2483
4312
490
5675
3920
4377
2033
8021
7414
1686
8503
1281
9246
642
5612
388
9077
1665
5911
922
2377
1100
2633
4649
477
582
4986
9763
6299
8440
8683
8757
8762
7633
2187
5682
4680
7411
5103
5542
5360
7251
4195
2909
2752
4778
6880
9036
602
6492
8138
4432
3655
691
7006
9871
2389
9650
2527
4983
4402
672
4253
3038
6181
9599
8143
4245
8370
1543
1115
1832
8547
8993
426
3222
7493
7779
4654
4358
6689
7764
8245
7252
4755
1557
4165
4880
7880
5552
3474
1524
8399
8615
3220
7892
8390
5084
6698
3131
691
8962
7677
7288
3637
7266
9739
1490
1870
7725
3781
7733
8022
2121
2718
3169
6758
8234
8239
6455
5589
4137
560
760
8604
4588
6288
6990
8390
5026
7363
2552
3262
8189
6379
3499
8645
9807
2255
9957
9636
127
3228
6150
5909
1177
8335
1098
516
4440
131
6627
5107
5413
5435
3228
7976
2422
2887
8382
4200
3051
6615
2613
1844
3309
5148
2308
8026
1328
5819
2844
6969
8745
8040
79
8482
1608
4929
3907
7007
6948
3395
7449
9752
9109
1592
1977
3789
2974
6370
422
6611
5608
2770
2821
6372
6880
2205
7213
7145
505
8233
9551
741
2947
6159
7272
6628
3143
5484
6500
7996
2194
108
5731
2512
5150
8812
8770
4161
3788
4645
7879
4287
3685
5202
5352
3679
4915
5831
2909
517
4227
9477
3592
1726
5540
360
424
8956
5836
5728
1098
240
3839
1089
5747
3688
4832
6480
6746
8741
7167
9809
9652
752
5119
2200
4467
1876
9267
6925
1008
548
8737
5669
5137
3494
1078
167
5623
530
2780
7659
4891
1557
7390
145
6211
9386
1239
6142
5303
58
9747
90
7077
2123
3967
5731
4128
4947
5618
8269
5788
9975
5025
9396
835
9384
7595
3210
9098
6263
8771
9032
5542
7057
8183
1866
862
2424
7009
9182
4129
6042
1203
9009
6566
8116
6270
4626
5339
7302
9780
3567
3825
7504
1140
9920
42
2635
888
9801
1167
3685
6210
7051
1187
772
4409
9654
6228
9740
2228
7513
5381
1674
9970
2442
5926
8566
6971
6090
6154
6698
7157
3540
113
4682
555
5862
2224
2814
9855
5930
8430
5972
8679
733
1956
1447
8224
568
2295
8823
2266
2523
2006
9440
2987
2182
43
3869
3260
5920
2874
9055
2886
4261
1528
6325
9516
8557
9081
6607
7782
1108
1220
1603
3112
3667
7727
1251
5179
1453
6289
3140
857
2645
9113
3672
5608
1867
4018
2702
8455
406
734
5812
9033
8254
8935
2723
5880
879
1742
3255
2405
8551
996
2802
8346
1739
6509
2584
5929
8103
2385
5704
4540
2642
4686
624
9157
5167
1496
688
6956
8084
171
7265
2392
8586
87
8514
9734
9197
8902
8639
5948
6331
698
7226
4404
6081
9936
1983
2613
42
3547
3374
3653
6115
9179
3823
2772
5968
2460
1598
8902
6801
5551
97
6644
252
8252
1836
9236
9371
5168
6562
5350
7112
8056
2272
1596
9685
8358
8454
4450
8201
4622
8689
1385
2733
9365
7805
7395
7675
9891
5758
7137
5783
51
2830
6739
3526
6724
5980
5448
2078
8957
3828
6610
6933
9127
9378
1795
7399
5402
2923
9037
8463
4019
2660
5422
8035
1653
9430
1932
991
202
1214
4109
5893
7356
8357
1869
9203
3645
9183
7876
7443
324
5783
8532
5395
9765
7142
3312
1448
1238
6038
3083
6796
4322
7313
4366
4729
3252
4053
4531
2895
9764
7800
2239
6780
8604
618
738
753
2504
6328
3078
4511
1781
8694
2246
9867
4415
5851
8166
4295
5946
5826
8095
3637
7242
3104
5659
1315
5127
3724
1925
787
9452
1250
7342
9612
7341
3836
111
274
7900
2769
6363
8368
3394
3285
2141
406
1952
1123
154
1937
6329
9262
3187
7654
1681
756
4685
2249
7387
6809
4082
1137
4920
5592
1597
3268
3706
3410
7155
7446
3592
905
4488
8766
2604
703
4746
6274
8353
6225
7591
7097
5578
3153
9503
7687
5394
3113
8499
9709
4461
7576
502
9827
9012
6976
4399
4001
903
3926
1459
432
3477
9639
4372
7250
2839
8171
4225
6525
2893
3313
1918
9717
2321
4763
779
3217
923
3121
9887
9373
8996
9551
4667
2200
2985
6123
1982
1620
7829
6646
6937
1211
6045
1120
9002
8750
4342
6562
9467
6792
781
1222
2922
3157
7772
4394
9374
8793
1628
4718
3173
2403
7390
255
7835
6808
7059
3010
6220
2562
9920
9482
2064
4339
5667
5491
981
1448
4315
2551
9582
2636
327
6215
5396
718
5870
5373
5743
8843
9617
2026
8917
3478
5482
9312
5856
7067
4973
4162
1351
5186
8145
7829
7353
9104
4978
9720
7014
9254
5223
6054
5843
8131
2883
9166
8973
1076
6049
3474
4847
7670
8391
7477
7072
8128
5151
936
5126
1947
1408
5732
3841
8128
151
2139
9941
8388
766
6862
8162
113
958
9412
4975
1523
8269
563
8345
3223
3183
2156
1871
2034
7995
4460
2448
5143
8405
1116
5989
4833
8133
3516
131
7311
2462
7410
2541
8650
4889
6750
7403
5790
1788
4640
8196
8277
3109
2862
5601
6254
9483
1617
2765
2613
3718
9772
8271
1869
3721
6218
4310
3046
5065
1799
1712
3822
3112
3815
5057
6350
8281
3004
1840
305
3722
7063
4618
9294
3522
2534
1485
6932
7762
4040
4708
5064
7904
7478
5710
8463
8294
775
7796
1626
7336
5219
6008
5672
7917
764
1155
3342
6887
1904
4416
5021
5821
8460
2734
7938
3873
7464
56
5697
6938
839
2689
1077
2895
9950
2134
7617
595
609
1722
638
8944
5214
5379
2132
3812
6692
7851
1601
4185
3659
3158
4773
7350
1797
2790
7233
8368
6612
1080
8553
4421
8963
4496
3224
859
2090
2419
2130
8244
3617
1979
3463
5887
5350
2522
4690
7641
7910
2704
5864
2116
1127
1646
5258
4275
5278
5267
1682
8153
3183
5004
1853
451
3460
2943
2764
2969
9146
6188
1798
5448
2868
6943
8916
7730
3586
9201
6037
8079
1304
8938
992
9161
7872
9047
7467
3931
5324
5680
2131
6296
6290
3394
7721
1336
961
9645
2145
409
573
1297
3202
5952
4419
4982
1647
2095
5481
9980
5473
6376
4456
8885
446
5252
4001
5091
4014
3017
5536
7939
1396
773
7941
907
5443
5240
4907
7044
9922
6262
5710
4674
142
666
9633
4577
2681
6541
1836
7936
3822
7967
3806
3459
4738
8242
6746
3801
9725
4335
5399
2336
1240
7638
1646
7996
6819
1969
5174
5252
4348
9577
838
6506
7523
9309
2389
3588
8156
8017
4493
9054
9907
488
9732
8191
7310
5974
9032
5899
6333
5594
4076
6329
6463
636
4640
4745
7904
4359
8789
3507
7430
4582
6065
2260
8582
8400
4205
9435
9446
1890
2622
3336
8483
1565
4012
7545
165
7583
9141
4756
48
1148
1169
1021
2532
2549
5618
3875
1388
7638
4346
6970
2680
9842
1159
6212
5127
4960
6582
6108
2934
1038
8472
5188
4824
9137
9099
5554
9935
5582
939
885
3868
4967
2944
4312
2269
4508
4762
5885
3747
6059
3401
5035
1016
609
6991
2208
6671
7056
7458
4987
9067
4665
2957
4733
9364
8815
9680
6544
589
725
3640
8978
2203
3681
9742
2705
8464
6156
8000
8195
6233
4337
6443
1605
7460
9745
3167
4241
9897
8906
6381
7644
8496
6037
182
1726
5416
1848
4176
3111
2602
7110
1705
9566
2511
7334
5733
862
5640
8575
261
8344
1406
874
4908
6756
1881
2853
60
5013
3702
6329
2649
6697
8110
7751
3801
6887
6925
1397
3446
787
653
5112
4157
8051
6096
4729
5752
681
9780
3264
5806
6201
4759
8833
7530
8069
9395
415
3787
9350
1925
9433
7245
7117
1793
4706
529
1050
5408
8201
7447
8150
6957
3958
4521
9714
4378
671
540
2625
9359
8552
5560
8959
7306
2328
6653
2449
4743
130
449
5375
7142
2313
6759
4451
3732
8652
2938
6100
2052
3834
7124
9816
584
1418
8732
6739
6120
8773
2887
8847
5096
2267
3509
5095
5461
8121
7483
5890
5398
1159
329
9078
1386
2627
2725
979
5865
4386
4090
1235
7964
6906
5265
1227
15
1727
6767
3839
5415
6012
2809
9016
7747
4868
1797
2081
3458
1896
4988
9361
7465
8825
7796
4312
7719
6976
2795
9607
4832
8604
7359
6066
3979
6510
7618
5621
955
5095
7751
5975
647
3505
879
8634
7649
9811
3611
5175
7124
3208
2627
7488
629
3394
6423
7513
6217
4307
7279
8553
7558
9212
3168
9305
3178
3122
9910
6573
5437
9460
2517
1004
3681
4245
5734
7909
80
5440
490
5882
1835
1618
3738
3084
2956
1736
4239
6443
3461
148
1721
7180
1429
742
5100
3485
6400
9969
8334
8090
1662
804
1207
4823
4128
5721
4083
2266
7619
1194
7366
203
3075
2679
4547
1756
9701
2282
2768
5324
6668
2679
2436
9777
9897
7040
9714
7645
8772
5238
1100
8822
2966
8412
5456
8450
92
9737
9129
8808
1698
3434
9372
5319
845
3441
2044
3577
4090
8806
4215
5605
51
705
8544
3884
4419
9979
4115
7944
3522
2887
7149
3977
6579
3112
7936
4015
2795
690
1219
5212
6456
6336
1002
8016
4129
4784
9204
2473
310
959
7622
2321
1903
3021
9490
9315
939
1117
2013
6853
2665
6768
1048
9440
7271
9016
2086
2546
6885
9767
7101
8209
2299
6789
2296
1979
3191
1394
2940
529
1148
4979
8578
4557
5230
2581
3327
6356
9268
2548
8346
3758
4827
3399
1561
5872
590
1608
1273
656
7677
7358
8165
5828
6084
3843
3161
935
8667
8976
8570
1290
2655
8061
6065
6122
224
1347
5770
1831
9477
5557
400
3843
7952
8823
6052
9598
1292
5308
9713
6311
565
8132
6709
5104
6880
7461
2532
508
2280
7233
4974
7586
9868
2947
5701
8022
7390
4205
9960
5193
6348
7029
868
537
4161
7522
1306
1654
2336
2762
8569
1367
9096
3469
7934
4855
8497
5828
7184
769
5302
6581
4297
3541
4800
1276
9955
3867
3882
9981
7392
5540
907
3661
462
3409
6561
3196
3105
9889
3233
1642
5775
5177
687
9320
9082
8906
7223
6476
3382
4617
3268
5514
2017
1685
4848
1631
5163
892
6964
2886
4062
4168
5823
8175
2172
1450
7326
7109
9909
604
920
1486
8143
310
1827
7480
4942
6675
864
9155
6560
8563
1811
3138
5680
6958
4932
9213
8424
5963
2382
3726
6988
2260
1207
3809
8291
4425
590
9480
7182
1814
8957
6833
2249
3963
5360
5568
6990
5627
2016
3152
7375
5227
9288
4953
1954
9499
6970
1966
8504
4224
1470
913
6210
5577
8278
5083
1371
4112
351
6389
3228
1181
6311
7500
8421
7446
2693
4459
5485
6551
9340
5677
7503
9830
2336
6641
763
2681
3989
4174
6542
6423
1259
2360
9390
156
550
7956
5776
162
2578
3951
859
7188
9543
3396
5439
4256
1074
2550
249
9596
3913
3903
6947
9465
6072
1115
5018
8737
9927
5296
2091
3509
3491
7927
6472
7378
6439
4579
943
8685
3219
8612
3310
5114
7461
1022
9282
9510
5556
7354
9654
3237
374
5248
7349
9759
7113
9623
2322
6790
5460
269
4500
2627
6931
79
3986
6149
7170
2167
6800
6402
6676
2141
7968
9705
7740
4871
1293
5377
1817
2924
5552
8404
6876
4156
5099
3637
7779
2692
7755
8770
5401
3374
3083
175
8347
420
7476
4084
5879
8603
3566
5574
6269
3184
5974
2278
1646
6075
2563
1236
9362
705
6898
1550
1958
2381
2888
9328
461
6307
9696
8545
5190
4464
9821
1797
2458
4226
6420
853
7378
867
8558
7363
9810
1996
5933
4702
2178
8380
1083
3089
4597
202
2134
9283
9324
6875
8828
1641
6572
4964
455
913
7930
7450
4775
3021
3219
8411
9153
8766
2799
1747
3102
5407
5938
6092
4405
8868
9066
8899
6229
3045
4626
3506
8863
5501
1047
8070
3088
3323
2461
4887
1698
4744
5990
5397
7119
3683
4802
4606
4008
3405
1177
8231
8734
8227
9490
598
9263
1306
8218
1599
6712
2972
4179
6208
2306
131
5510
6593
3896
9829
1384
783
3881
7247
9170
8259
3266
7026
8294
3518
2113
2472
4513
6230
224
1505
5082
1007
4535
2100
2583
6361
4006
1485
3172
2620
129
2417
5800
165
1940
5800
5342
1192
2823
4423
6677
6673
2633
8699
1104
6902
1562
4523
6143
6922
6283
2757
7338
4884
5515
8149
516
5960
689
7351
5140
475
4180
7404
7647
7632
4662
8860
7072
9954
3416
1514
3739
8379
5857
5567
1759
9951
206
708
4475
2519
7213
2488
5573
579
7739
3992
6615
8579
9792
6187
1931
7180
6058
3858
8451
1456
2185
126
9101
4579
155
9274
2783
9707
2843
1857
2014
2603
7322
8769
9427
2478
5145
5136
3978
2886
8041
9038
6836
3671
9740
9801
2840
3981
7630
6315
6322
4225
2335
6479
6908
7794
1498
4694
9682
9531
5596
2096
2749
7393
1974
2872
9272
5568
3898
372
2159
2475
45
3991
8709
6066
7030
7560
6922
3526
8908
914
793
3193
939
6749
9485
5833
8555
4514
4667
6971
2485
6402
7658
7093
5502
2724
724
3887
462
2579
812
6350
1063
2841
9092
8715
9047
1172
5721
1893
2858
3384
3097
9377
2528
4282
183
4904
8983
3897
8361
9806
7383
117
1386
4779
9204
5570
9507
6384
2700
354
5627
6486
9620
7981
9409
9960
3377
571
3359
129
7883
9643
525
2673
2178
4900
4797
6116
5858
2211
4305
4657
3494
6509
9885
3159
5269
3589
3439
367
8410
3940
8749
1070
978
6080
9010
714
7555
7451
5002
6470
9739
9287
4610
9692
4626
4879
7230
6641
6035
8814
4928
342
7252
2465
7253
9119
128
9193
6791
5366
7821
1412
3580
9503
6294
9956
3752
4516
1566
1930
2778
3347
4749
2146
3757
7900
5447
9014
2376
210
655
7103
9310
7338
6969
956
2798
6238
52
203
1992
8666
7450
8427
9577
2107
4410
7775
7324
6504
1958
5360
3366
6852
7080
1213
3511
4585
1126
6729
1183
321
1521
8538
8857
1254
3209
7070
3008
4862
4649
2012
1554
7132
8449
9102
4942
603
7663
8925
9968
7464
6424
119
749
1673
2412
7185
8567
6591
2019
7385
4335
6276
2864
2374
3075
6938
2380
1919
2160
3630
6562
4319
9398
6618
7734
6819
657
2624
8750
2635
6372
896
8356
88
5312
296
5425
62
6977
1840
4427
2652
2748
8201
2628
302
7454
6268
3103
2798
1483
9947
4985
9410
6004
4698
1653
5128
4332
2297
5218
9611
3601
5242
8563
8327
1174
8262
8993
5963
4026
8284
6442
5607
6601
3611
3261
2934
5070
366
9534
1131
7155
909
6602
8859
9707
90
1654
9316
2877
7783
6286
7068
3933
8174
1836
9372
9752
1492
4665
7443
6717
5502
9331
7082
5611
104
1777
4851
7084
1060
9404
8828
8685
5978
9991
229
193
5346
8444
4782
7573
3512
2833
9816
3087
3061
7557
750
2682
2595
2846
1510
8620
5696
2599
3994
474
6863
3920
7220
6485
8526
6585
1150
4022
5579
3970
5627
6815
1107
5718
8591
8806
4921
2845
8517
8527
5958
5052
8941
9005
1017
714
8303
7078
6544
2613
5270
343
8262
4314
6926
4030
9211
5711
1071
6174
8839
7229
8724
6908
8350
5206
7984
4485
3235
3351
1866
2839
9466
7063
9689
9074
4417
841
5153
2499
1351
9039
2366
9321
8826
9179
9827
90
3721
8166
1629
9812
7783
1697
6209
8958
45
6963
2020
1267
8495
2451
2203
6428
1241
7052
6569
2972
8049
9154
1943
7511
3546
6220
6798
2581
7399
6115
2703
3890
7089
3574
5631
6964
3125
9594
2985
3648
5165
1643
180
6166
8483
4574
1072
7688
2032
4201
8105
5225
2731
8177
8488
7385
5683
6948
4247
4485
235
403
5624
1515
914
8234
9059
4464
4845
7099
5680
1882
2670
8346
9829
417
3226
9183
315
191
8999
7384
549
9238
2541
7067
2388
8746
225
6688
1717
8972
6754
5178
7804
2120
2728
1720
4497
7393
8101
330
5856
3207
8565
8462
1706
3785
5816
9613
4084
4486
5737
8257
1055
5799
2773
9147
9003
5681
4988
8549
111
3844
788
4460
1981
3355
1115
4591
3497
4724
2944
9392
1497
7978
3126
7281
579
2684
9799
1466
3600
1096
1342
6794
5099
2412
28
2933
2564
388
6789
6374
2402
8258
3277
9557
186
6712
6838
3026
3964
2314
9740
2148
5178
1541
4722
606
5593
2473
5248
4105
1315
5617
4376
7244
9481
1626
8877
7808
2223
6390
3761
756
6501
5790
6350
6198
5294
3961
5701
8636
9
5477
2788
2862
877
7301
6736
3168
1187
9877
9158
9877
134
1219
6526
1661
4247
4675
9627
3263
1649
7101
583
7966
7159
167
9751
1395
3880
7767
4417
5725
1478
7326
1475
6474
3497
6525
9310
334
8856
2390
4019
980
112
8959
3864
9419
373
5672
6046
2818
7523
8891
1829
400
371
7556
839
1918
2476
2637
1730
4687
4239
7082
7579
3055
8706
1361
8312
6287
1443
5417
2973
4554
2932
1468
7471
1528
9597
4910
1035
8157
151
1719
1845
741
2646
9981
8701
9401
6523
5312
2066
9114
7087
9987
5011
362
4105
9092
3805
7378
6718
6604
8305
4514
1326
2777
1722
9936
9357
1969
7837
8167
736
6000
1115
3570
5231
9560
6890
8173
4781
3159
7644
4282
7814
4752
2050
7596
913
3829
5030
3758
5563
4354
2686
7452
1406
7382
6284
6359
7511
1366
8772
538
4414
2217
2203
7364
2078
3349
2545
4360
2214
1561
2252
5394
5220
5515
2847
8898
3968
5552
3013
7307
4244
4633
172
1747
3997
8296
8691
4577
505
4365
905
7988
659
9666
7412
3910
5966
8336
318
5823
5634
3538
8230
3105
2222
7900
820
5793
8956
3963
39
7359
6311
7022
9834
2007
5392
1396
3284
9794
1705
9532
544
2531
6077
151
5842
4648
7358
8535
4376
3933
7875
8326
4870
6648
2680
6413
3561
9383
4586
7558
837
7722
6816
6526
8218
2618
1472
4506
3173
2226
5489
429
6950
7906
8638
9956
4668
539
4856
6071
3268
2792
1355
4673
1144
4653
8405
4436
6193
4867
6772
7505
37
3524
3333
1506
6279
6522
1798
1276
7143
5578
3233
1760
6257
6011
1657
6918
7654
1656
1279
9146
380
1498
9073
2029
1013
5522
3916
2821
645
9112
3406
3036
7614
1155
6048
7894
7520
1466
870
9429
384
6532
3743
2492
8069
6265
7900
4198
2242
7118
3975
2732
4491
5463
6088
670
243
7599
8851
4495
1425
7648
1571
1835
9007
1312
7084
4714
3845
925
1220
4059
9496
1622
5951
711
8627
7228
9339
7270
5845
4992
3945
5315
4257
4027
2038
1628
7508
6185
5077
4490
8912
9945
7792
3564
8886
476
4796
1166
6382
9067
6814
2936
6754
1346
9196
7382
9192
6773
6562
7134
4954
4266
3407
808
4929
1337
8356
6601
9845
7175
8137
9551
79
1775
4546
7168
5369
3815
2433
283
6967
7013
568
4507
3484
8303
1893
7306
3953
3002
4432
7308
6668
6327
6249
9882
2220
2684
8300
8344
3131
226
4473
1957
3806
2510
2539
5377
4388
7091
1595
8697
5454
5558
8892
9569
135
8274
9385
3734
4865
5659
9028
4415
3110
7399
2952
6487
3232
9856
9745
2658
7319
4989
6127
7778
163
3704
8486
1650
401
7452
3436
1014
3562
563
7527
9388
6358
5080
9235
3164
4158
5551
5957
8115
1583
5249
473
7006
3907
4632
68
3490
6440
717
7095
1215
8675
3216
7679
5013
4487
5674
666
6525
6665
3764
4887
3029
8601
7051
135
6152
7667
5352
5617
7777
4119
5057
375
7582
8170
8322
9755
6911
6279
854
8336
1213
4919
7891
5125
9467
3648
5301
8944
3121
8066
9815
7094
4582
523
5436
3423
7681
9341
7079
3252
3278
7295
3593
8037
7535
5020
5913
6303
7151
4071
7152
5102
7663
7277
6842
2035
8440
4894
1500
5128
9319
5500
7698
379
5421
5078
5269
8106
8901
2266
8769
459
574
6978
537
7005
4838
9563
6035
956
6438
7435
1457
6803
8089
3536
876
8711
9788
7824
8993
2171
7275
7762
9531
832
5231
5868
3967
2736
363
1351
9752
6469
6115
9226
9116
8060
4448
2840
7364
8438
5108
8266
6412
3099
946
6589
718
6653
5151
9251
9541
3939
6732
8577
3657
7440
5749
2421
8961
8574
1068
8457
3382
1275
9948
9031
4301
5339
3189
4254
4480
4600
9130
8250
7767
498
6855
9789
7767
992
6137
9335
2556
321
8261
5927
3931
1665
7435
7048
9258
5311
2264
903
8346
1014
787
3004
213
8269
8780
5751
2902
4539
7667
6995
9402
2861
7095
4966
9366
3597
8465
8413
7240
8053
5878
7524
5898
2652
8556
4586
725
7712
9709
8490
8841
4967
1117
6100
579
4258
6815
4607
7027
748
6529
1484
654
9522
5282
1994
7231
195
7384
3090
1687
4343
2637
9194
7008
7213
6015
8264
4823
2172
3220
392
3028
1392
7378
3393
4738
1185
6359
8234
9264
4460
8824
1230
5635
2539
3494
4956
5602
5096
7550
4655
1195
5078
9966
4705
2819
8419
6123
7482
4534
9885
6164
3393
9696
3458
4364
750
8104
9670
7340
1492
9541
3792
7255
8314
9998
9137
9670
2466
5191
5395
2630
985
424
6888
6141
1827
9285
7233
8720
7986
2840
8543
5243
3238
1350
7326
7281
9201
9462
4356
1970
2605
8013
5937
4019
6820
3330
2151
3182
9259
8452
8944
9833
9761
3535
898
230
3227
3768
8005
8299
3709
170
3348
5276
1854
8446
6023
6555
9592
8898
7534
2334
714
3516
4735
4994
4465
8427
5859
127
7738
5451
1100
3751
9201
1270
5253
4726
8014
7902
3117
4599
5662
548
7594
7643
805
5916
6969
4394
9106
9515
8507
885
5029
2708
4938
3196
9484
3681
282
5682
6617
5914
775
6727
2464
7936
6877
2381
9650
7930
8380
9038
5271
935
2845
764
7582
5105
5055
4254
6764
45
8067
5782
316
3380
2659
374
1614
3946
4172
4069
2135
6627
2497
3199
6664
6088
8893
643
8372
3130
5417
6729
3996
2875
6252
2644
1591
3654
2201
4364
1588
6867
3363
3600
5091
658
5709
4920
1960
9147
5413
2524
5221
3139
9558
7806
1704
2599
9067
8131
547
9331
3231
5300
4665
1461
9451
4072
1831
1236
3117
1063
7307
9986
7652
7900
4606
7093
6241
7953
2337
3323
706
5703
4782
3546
2357
4613
134
2782
6821
5731
9102
7889
1813
2393
8630
5163
3990
5925
2121
5989
8550
8530
1689
7065
6408
7407
3931
68
8276
9058
275
1481
344
9867
144
4863
4767
7546
2321
5518
4988
6060
9732
3898
9103
9832
3967
9887
849
2893
7527
4960
3301
2211
9553
2387
9858
3819
1158
2748
3538
8178
4109
4534
4786
2379
154
2934
6700
9204
1085
8704
9714
1073
5147
9367
236
1371
6289
3991
7975
4052
6537
3475
3175
7426
1659
4770
8138
2417
2247
4559
4897
5880
1983
6007
8074
6298
8957
3411
3521
3558
8438
9788
8981
1242
977
7267
6197
3302
1593
8451
5594
695
464
8776
9808
4775
1485
829
9962
4527
5645
2730
8871
4656
3513
1103
5489
9709
3543
3654
2193
2678
8631
3219
3333
6072
8646
9564
6720
185
2492
9733
4289
1978
7003
8640
8918
1343
5120
104
7974
5778
1485
4574
3925
2608
831
2073
5867
7890
6772
4677
3488
1699
7557
5369
1975
7748
9342
4108
1520
4881
2796
1622
9416
6051
883
1507
5975
399
8716
2046
734
2692
7475
2851
2766
1921
6740
5775
5992
801
3652
8500
6093
7098
5606
7155
5830
3751
7261
2598
1070
4088
8710
4941
8676
6054
3424
2609
4065
9505
9918
6334
840
4795
9996
8705
5170
3493
4026
8357
4073
2989
7100
4143
2733
7209
4535
132
7418
8850
6616
7594
3390
757
4070
4174
8447
6488
6329
3164
9168
248
4720
7736
5084
4848
6716
9735
2663
3529
9479
9553
2064
5062
9683
6584
9830
145
1057
4875
4903
7210
8906
9286
357
2728
5361
6142
7369
6042
8667
8994
2330
6154
2048
9915
9395
7080
3155
6004
9694
2306
3882
158
4297
6842
3163
3099
782
3501
5905
4545
7778
1348
6310
2341
7430
6804
6227
7320
6021
9313
8104
8909
7625
4059
6131
5692
1574
5248
7035
6002
982
7145
3015
4241
3891
9470
3139
1099
4544
1157
1594
2743
7193
9603
643
5936
719
1505
1716
1043
3457
4797
6936
2206
810
9652
2655
1820
8002
4237
5154
9454
9406
58
9590
3722
3004
203
8789
1449
7883
6616
3113
10
40
7859
129
6442
1010
2284
7584
5838
7502
1699
5028
1024
603
9758
9066
8327
10000
6325
327
2433
8819
9865
6421
70
489
5920
3021
2673
8112
6898
8397
7057
1698
3997
4211
8871
4673
3119
7644
7534
3940
3843
1219
958
4892
268
8582
3794
4785
3312
4731
8706
3004
2814
7603
5123
9980
6504
321
6686
8576
8093
8467
5854
8989
6593
586
5534
6427
8462
9785
6999
560
9993
5136
4699
8605
9967
6566
1980
8383
3953
6879
4826
5322
5922
7278
9944
7266
3057
7676
1994
1319
5196
5393
6730
1032
9270
9672
1962
4198
4796
9572
5627
7682
6702
8567
6311
4053
2512
3114
4507
6903
9766
6275
4639
7018
1254
2050
9168
7759
7903
7212
6213
3665
8642
1075
4516
8050
6313
466
7443
8778
7051
8620
2740
9253
7499
2324
1569
5090
8806
7966
6118
7063
9379
3328
4682
7605
1113
7361
4267
1253
783
4266
9275
3326
8117
5313
8050
9733
1917
5503
3792
2637
2654
5263
3982
8241
6079
7248
5434
8172
3942
5499
9556
7283
6405
3140
6253
3899
1790
1137
5251
644
4489
3614
8250
8753
2782
3369
1288
3308
1820
2696
5719
2741
7682
3805
2182
8927
5897
7551
693
2735
5024
2284
4842
7119
6580
5127
3479
8390
8815
6890
8933
4998
7252
5470
4367
3126
3789
5123
3822
5075
5707
5947
3141
7446
583
3900
9538
1822
8326
7107
936
4368
2499
8925
6885
2473
9258
2742
1983
3464
8992
2839
3486
5603
8481
6631
2460
1299
6866
6312
1522
8431
2618
9618
7970
785
2462
5382
6614
9767
6734
9581
2733
2329
1447
2960
7363
3818
2525
7274
4565
4249
2619
5
1724
6205
6143
9627
3780
8662
7984
1464
6322
2829
1065
5359
7581
9413
7450
3802
2708
3915
1128
4843
8477
3677
2513
1570
5187
1704
7178
2742
6029
6261
6223
6988
3441
8777
111
5734
4091
7900
3773
9699
5090
1458
7165
8544
6791
71
4640
7984
1612
2759
5552
6696
1392
4872
4403
1711
2145
9966
8855
5874
3711
5734
9976
3291
1931
2843
6145
8387
1228
4633
5917
4489
2585
9945
9060
4987
920
7940
1449
3093
6740
7493
8371
3930
5231
3294
2276
5672
700
6290
9707
220
5849
3892
4211
3494
2650
8222
7288
4471
3723
1047
6605
6517
5753
2253
607
7060
8658
5793
1621
5985
5813
6112
933
7279
3
2661
7586
5575
7301
8401
634
3946
5836
541
5719
7107
4287
2705
2538
5208
620
9836
2610
9042
867
2091
8934
6493
7598
5258
9040
17
7315
4964
2490
6188
9890
7890
7810
5068
3589
5926
5798
452
9540
5022
2943
2783
1382
4892
6166
7607
5746
2868
3074
3999
769
5896
2986
9177
8930
3072
4329
4342
3094
5365
781
9226
2406
8387
5430
1692
8160
5238
9273
4373
845
6274
2974
9767
9681
2805
1628
2094
1049
3785
319
4462
2390
9477
4368
8492
1082
3732
501
2419
8314
1159
776
6063
3762
5969
4250
578
909
1608
5165
1996
5079
8887
5155
7319
8388
5861
8723
8504
1138
6780
9111
4362
6817
4510
8849
4450
4899
8734
1941
246
6557
184
2518
1900
3945
9510
3014
6943
8120
5996
5912
8234
2566
1367
5439
3565
344
8412
9099
1428
8399
4340
726
8141
4310
6796
598
5835
6983
7043
5579
39
6576
4797
948
7143
8586
9104
8480
7950
982
311
1497
5343
3568
8530
6612
3833
3750
9976
1353
6022
158
3006
304
8004
4102
4792
9461
3398
8320
9462
2341
2721
6384
5465
3792
9968
5114
8229
1072
740
8495
3321
2140
398
7990
9726
370
3363
2250
1611
2397
9171
4821
5486
2952
7988
2044
1756
7451
284
451
1136
4782
8169
6594
5941
8826
3472
3845
7610
8320
7973
528
7075
8770
5475
3515
9842
1584
462
9772
7306
3481
4929
9333
6269
7937
6412
6200
347
3439
2888
5458
8418
9984
6154
8678
7938
710
7661
3438
3903
5423
756
9564
7150
718
2639
3117
4875
2729
2490
2966
5488
5493
9498
1072
7720
2164
6295
4237
8186
1915
1525
929
8963
7543
3925
3466
4595
7099
7218
7831
4163
377
7567
9037
5000
2147
9492
2744
8035
973
1796
9784
3600
6683
2185
6204
2777
3822
3806
4081
9835
170
5103
6685
8306
4535
2097
2765
9959
1214
1732
7858
8432
3705
1652
6852
1170
1016
3803
4422
8378
545
8187
1106
9294
2548
929
9523
8627
3099
5735
1681
2069
8763
9661
2329
4240
5499
2225
5426
6795
7268
589
5258
6574
3405
2761
6531
4079
9057
1861
3139
8609
5281
4047
1647
2768
9088
340
8501
849
8252
4593
9023
352
145
3404
164
6891
3719
4451
7843
4043
4036
2742
6697
5113
4229
3569
744
8477
2017
7478
5044
9457
9785
1935
9199
7521
7909
4628
3104
3109
7160
1850
2887
7537
3775
795
6002
5765
7252
8147
1553
9255
5229
9990
51
9229
9927
1412
1578
113
4645
3339
4511
5968
9046
6798
4610
4371
8871
551
7358
7072
4665
3721
988
7196
820
6371
1750
760
9414
7404
6121
7875
1521
1659
4974
5307
8592
1678
5486
6405
5771
5329
6273
9411
295
2400
2345
9638
6693
1655
1002
2189
8336
4894
4666
4614
4843
1450
3855
2771
4504
5552
6985
5629
2077
232
6519
221
475
1034
7644
5203
2118
6054
570
8851
8953
3191
3714
7884
2763
8270
271
5531
1936
7596
8586
827
7517
7570
3585
6701
530
2118
5187
5438
6743
3900
8689
4989
5023
3267
9572
3794
4732
2205
5182
1363
5201
6253
7076
2040
2403
625
9622
5470
8205
5645
2943
207
4490
8335
6337
4104
9235
669
1668
1647
2828
5353
3078
9660
3556
2481
198
3225
2078
3482
480
3411
3302
9263
3309
8197
7588
2205
5784
7017
8151
1778
8112
4313
3791
5638
592
8218
250
9410
4908
8125
7783
2568
9007
1377
9681
3759
4903
3669
947
6166
3714
9198
8615
3343
7240
4187
2517
4324
8578
894
5397
5528
9373
3455
6265
2199
4988
1242
2879
4204
2825
364
914
8496
2139
2832
574
9260
3213
9733
8350
6094
1912
9734
8457
4133
7169
5273
3733
883
1423
2557
4590
661
6631
7441
126
1602
1362
1705
6715
7555
7589
3162
7075
8199
5162
3739
935
7229
8268
2310
4451
2503
1436
8803
9960
7644
8877
5733
7028
4114
6771
7190
1550
1145
3177
655
9140
1020
1201
5119
3857
2767
6907
8131
9824
2367
7854
6922
9409
2740
7801
2391
8114
4215
2092
824
3455
8349
7182
160
1514
4296
9435
6748
734
5753
4537
4453
6839
6661
4382
196
7730
5788
1340
1677
5708
4710
8184
9528
1891
1826
7130
78
7994
7408
4639
214
6275
3264
6688
6208
6589
4091
1029
5102
1408
8870
8267
2242
5299
8430
9234
6390
9829
8275
2487
3701
1625
1683
5493
5163
1860
6104
721
5070
1761
66
6983
2296
2732
3593
296
1953
9211
7009
8842
3630
8572
5193
4082
1312
7740
8118
9292
4059
387
6399
6349
5261
1330
4480
648
9348
4471
8103
579
538
581
6128
6823
9320
1906
392
5888
220
9643
9892
3822
5529
8842
6207
7046
1822
4709
3983
1786
6571
5477
8356
1502
9319
6895
2579
1393
893
1194
8115
708
6111
9614
9782
9090
3565
7192
7183
3793
4679
7606
666
884
1201
9252
2786
7925
4402
7102
8659
5515
7799
3515
1380
7435
2850
7830
1447
9718
6151
4137
8793
7109
6422
8703
420
7464
8400
8908
7731
1012
5404
3307
3350
138
7410
6605
5595
5696
9907
51
1208
5121
8878
262
3253
9670
5596
8498
5891
8357
9860
5720
1425
6372
9892
2569
6902
6683
8346
3472
2293
5964
154
7739
7843
5137
124
1800
2310
1074
7560
3372
4815
1088
2216
1888
6032
3818
3258
5603
9576
4431
9097
4723
1774
6051
961
2206
4318
2935
6080
9203
8423
7912
8495
3244
1054
7920
814
1294
34
8895
2913
5572
8651
5104
7917
9224
4785
5892
8682
7508
8935
3354
9478
9744
336
5986
7604
333
8972
1419
9356
9797
8842
8923
1264
442
1369
7309
2617
555
3241
3168
7978
2655
683
8883
3452
5530
3262
1302
9478
6253
7960
725
4621
3746
1633
7198
907
5983
9349
5625
4262
4219
6138
5620
5179
5146
5045
8062
5465
3090
4139
5229
2301
6761
5003
5003
6797
8054
8019
5729
1068
3186
6192
9918
4223
7300
1544
1782
9247
6956
6625
6098
7762
3486
293
2234
9443
3195
4082
9588
3387
8775
4827
3376
9624
5644
5159
5116
1424
8474
6124
5012
6771
8297
6794
5113
5285
182
2976
7164
5834
5602
577
6745
2331
7107
1256
7501
9635
8054
477
9013
2087
7095
2200
3903
4519
9420
3024
2493
5897
9893
8079
428
4544
7782
4229
3468
1418
8527
5807
6429
6819
9830
6596
6401
2565
5203
7928
3683
8784
6488
9356
1505
5331
1252
9454
7987
7656
1891
2011
6720
7688
6430
8981
9198
6883
9963
4403
1861
1880
1198
2529
2312
7291
6738
1488
8472
9294
6139
2753
4678
5700
119
2697
3605
3357
9536
2913
2148
249
281
9545
7748
7143
3751
2314
6368
814
5255
6387
2670
1502
8605
1374
5899
5956
6859
2284
7450
6202
5241
9746
8884
1301
6491
8900
4468
8369
9335
1204
5596
9392
814
8616
6148
9333
1934
351
6401
1143
7936
3932
2756
7669
261
2538
162
548
3224
1165
6917
9022
4942
7892
2619
6436
1884
9286
5742
7874
3938
2298
5884
4899
9637
851
1137
9743
6074
7043
3831
6818
316
1871
4961
3489
8818
1975
3663
7206
524
2217
3162
7768
6532
9328
2527
3907
7778
7291
8119
3493
5217
8976
8538
2849
9408
7619
6421
3310
8350
629
7961
213
1474
7579
6459
1617
2927
9300
7320
4666
7823
7461
5173
6841
6484
6728
2106
5207
2579
1263
2799
1889
9175
4109
2622
6275
4362
3092
4066
5873
7807
6517
7190
5675
5133
7113
8413
5705
4308
2743
5878
9243
8132
4576
5256
5681
7264
4600
9694
8898
7737
4941
4932
2391
6022
3622
5369
9352
7679
4826
6938
7250
9541
3660
6303
4218
2839
5280
6295
2323
4236
8465
6549
8239
7994
1830
8313
8335
7738
4732
5432
2735
439
6301
8385
7298
9255
8166
246
8908
2625
3978
9929
8664
8432
7808
295
2616
4798
3470
4860
3317
6784
3345
7481
758
8610
3101
2352
8436
6473
5190
4003
7291
8830
5088
5935
4447
7427
2520
9233
3538
4187
4568
1449
9185
5481
9990
2663
6296
882
7790
270
8967
1128
592
7856
7258
2785
3543
2215
6687
7293
9264
9379
4079
7858
3090
4425
8000
578
5328
2433
498
6694
8257
9276
5066
8917
4834
2722
5865
7715
4546
2903
9429
7403
7014
4393
3792
882
1954
1742
6272
9759
9184
7543
7269
2458
1888
1976
7794
1404
8393
5869
119
6305
8062
6569
5854
9977
8824
4014
9405
9460
9438
6966
9413
3789
4753
6155
2800
2811
7399
2645
8602
3739
6771
7641
421
8287
8266
2566
6695
188
5207
8037
9228
5335
7466
5789
7878
2103
8016
7195
34
9012
236
5898
908
8088
6940
7760
4678
3796
4333
5856
9868
5180
8335
438
762
4916
8941
21
6274
9482
8809
269
2194
3923
6275
5745
9688
6079
9771
5182
6818
4840
1511
2332
6100
3063
5077
6501
8897
1642
2158
9194
3805
78
9637
6695
5158
3594
8416
4319
6952
7485
2399
3724
4006
2371
6839
85
8497
5974
2517
3005
7160
1749
8011
7267
3828
1537
4829
470
8230
4751
5441
9388
4101
8046
6784
9880
7251
3426
5529
2776
7616
3366
8837
8572
48
4813
7439
8935
1588
987
5156
7778
5157
6636
4067
9794
6714
2015
6517
129
8978
5754
3403
8589
4127
9048
1521
163
9237
7697
8206
1672
2765
644
4996
868
4442
4344
273
9234
2244
5482
9289
8941
2030
7029
8244
4870
8187
3343
9211
7014
891
7974
8345
5824
1763
5563
991
5083
1211
5124
2561
1188
6107
4656
1211
9099
2035
801
7348
458
8071
1098
9267
3869
6853
6477
3179
1120
2902
1245
3986
6030
4032
9324
9110
5429
5163
5527
2072
1067
4655
7476
7918
663
8548
5354
5577
8799
9412
6297
6930
843
5573
3971
1991
9773
5459
4987
897
2094
2003
2328
9767
6821
2987
4780
1370
4583
575
9481
3335
7592
9512
8042
6784
9161
563
8409
2050
8828
2563
1063
2643
9393
3332
2133
8838
1173
695
4562
431
805
8632
6269
319
1278
2244
4683
6430
6417
9103
7369
1427
2585
5281
2457
3926
6972
8877
7618
9469
7462
9158
4216
8210
5422
3478
2318
3519
1699
1287
5520
6743
5945
6782
6299
4905
3350
9005
7607
3869
287
7045
6444
7299
8809
1076
4427
3370
6866
9541
7858
8137
2467
8916
3105
334
7883
7193
2857
7623
4612
9607
666
4409
5786
7619
6991
4101
1438
5675
9203
5598
2444
1902
2230
9593
754
4421
4685
8471
4908
5638
51
6132
8176
6593
3912
260
7800
4728
8926
8992
903
5714
5078
6602
6465
4429
74
6213
5623
8832
4868
7829
5938
1372
972
7979
1493
2777
1511
8991
3855
228
342
7129
6860
5198
3980
1879
9340
2529
6574
9887
2121
7034
4417
8031
7842
4898
1011
7266
7263
675
5675
5118
7533
7318
5113
2265
535
7098
3720
7671
8295
359
9360
4766
7446
1603
4569
6625
893
7180
3965
9334
3043
8472
2929
4079
3137
5241
6458
4700
4939
2475
2956
9463
7703
416
8447
7567
6901
1757
7755
4536
2533
4879
1101
5108
8585
1176
9061
8499
6402
3269
7823
5110
7511
1860
3371
7143
9273
7939
1817
5217
3808
8936
4729
6201
3213
3410
7394
1636
1591
6959
2452
782
5692
2183
5183
944
3566
8475
3695
5877
6718
1559
8789
9449
4968
8607
231
7895
9021
2508
2503
5508
625
2915
2112
5333
6642
2688
3373
3131
6244
8367
7861
508
2139
1482
3349
9230
7798
2508
7225
8741
5342
2353
4314
9141
4542
2419
1327
5219
8769
3389
9288
7929
7292
2380
9653
3004
8642
6289
8102
3713
8443
8325
5007
307
8628
9178
5309
6726
2431
2881
800
5391
2593
9375
392
4214
6643
9586
9946
4949
2070
7716
8870
5211
7247
3394
6023
3548
3380
4001
6154
9446
6716
9660
3212
2328
9000
934
3865
651
3482
7972
5229
1353
8928
1351
9338
7136
8751
710
950
6051
3066
2148
3541
2124
5376
9810
4915
9937
7290
283
3330
4445
5925
8255
2995
8062
9869
8562
2220
1832
6781
5100
1252
1575
6763
2400
1466
7038
2329
2761
1978
9379
7964
8241
8429
6688
9470
6116
865
9274
5700
2804
9952
1878
4953
7358
3160
448
3717
8230
4309
6845
3246
6937
8696
4679
1632
1767
1379
2752
5621
4828
5408
8612
2139
6028
1679
6367
363
7006
8667
2783
3381
5202
40
723
3110
8677
5749
8306
6416
7817
4286
6182
1255
9588
7686
5289
3224
3854
6679
8797
2380
9076
3333
8576
2210
3799
7261
7116
9676
6799
7328
5139
5577
2546
9031
8549
514
492
8761
9605
9288
4357
6378
5439
2592
4325
3446
6257
8210
8845
8855
989
849
4433
4193
9358
4716
1447
7913
998
8438
7076
488
7901
4997
6137
9508
6268
1304
9753
3683
627
6404
377
139
4992
748
9153
7529
2762
3127
5879
2391
4940
1160
9300
3429
1002
7594
5194
8498
5002
7918
1825
6771
5297
1307
3781
4536
9522
9213
9042
7746
946
7742
721
2724
9797
3559
6137
8892
6761
2619
5582
5842
3086
5762
3309
9324
3770
9935
3906
2916
2518
2982
49
5622
5453
8132
5235
9543
1476
7018
6413
765
1609
316
5196
6803
9519
8598
8803
4233
4593
2663
7716
3497
4303
7245
1158
9452
2936
3509
2316
7963
7014
5036
9058
2024
9201
7645
7325
9023
88
1999
1134
3599
396
1674
6225
6628
6611
9301
6922
1470
845
5520
2268
386
3490
8903
2579
9258
4466
2577
3815
4802
7886
1484
1623
7706
4474
180
8717
2740
3710
1856
9579
9036
7217
9928
9946
545
4550
592
7485
6625
4659
4282
4703
5458
4242
510
3905
1001
639
5044
277
7544
7958
8903
6087
2195
6544
8563
4643
9599
51
477
8369
4813
524
9825
1090
6475
6620
9184
7277
8191
5275
1065
3044
9853
1593
764
7160
1858
3931
558
3805
2844
2803
8347
4282
4182
4529
8508
6980
9679
6013
3253
4716
1145
1095
1818
1327
513
183
8898
4314
3718
60
9444
4915
8423
7573
9223
1561
6793
8919
5532
8763
9424
6031
7653
82
6942
8058
9953
5289
8104
8102
5895
6141
6903
6218
1464
1706
4538
7983
1093
7718
1535
1020
607
4012
3973
3747
579
5795
5921
614
426
8891
2288
5080
9054
8885
7092
9418
168
1852
5532
6729
624
7243
1697
8570
918
881
5780
194
383
6621
3827
9824
7426
7909
3463
398
2944
5604
8878
4261
3167
4477
7872
9353
7823
4946
631
4783
7208
9169
7749
9695
5996
5789
6471
4370
535
2987
4792
3319
1606
6769
719
2466
1094
4304
3623
3252
7275
9810
7757
8928
727
5597
6745
3146
4507
2494
7495
6384
6691
5304
6631
6232
5393
8580
3634
6939
4624
7870
5221
2075
7818
6413
9010
2958
3548
5892
2294
8389
3356
8280
1902
2913
6379
370
5992
8812
3855
4097
3461
7099
9251
1056
7946
5195
1786
833
1129
5176
7695
2846
2823
7719
5415
1996
7910
5292
6096
9926
5309
929
7564
106
3805
8250
7372
5081
3212
5477
414
8781
7796
3355
1593
1404
7914
7539
1355
3310
9764
6577
7597
7455
6045
6546
459
7133
2119
8426
6933
7047
1611
1031
9602
5520
96
4801
6629
1279
107
8636
5702
9582
9818
1916
4100
5331
6512
8873
5493
8474
9327
1478
2836
6251
2152
2546
1845
2315
6446
2
4328
4523
5026
4702
6290
9954
4669
5339
6060
7070
4196
9802
5336
7696
138
1916
9486
2955
7653
6147
790
6292
2661
3337
8681
6830
9027
859
8648
9668
7278
201
2096
4916
1363
3085
4746
5544
2240
8874
5660
2031
184
2939
2351
6546
9169
6393
6858
6469
7303
6312
948
4355
3695
6956
8057
3230
8789
9963
1543
2548
9091
6467
5932
5510
3439
6004
5832
3787
3386
6202
3474
500
5034
9315
1400
3768
2457
7739
7341
8309
1200
148
1509
5596
2702
8051
6096
7807
2489
2585
806
7265
8457
1587
5940
720
4507
237
9877
3101
9391
4499
8663
5707
9280
7278
3459
8185
3991
4291
4523
7137
5714
9306
24
5013
3205
8879
3520
9811
1895
2038
4815
3078
7319
427
8938
3771
3365
3068
4084
83
3095
2890
6842
1963
1875
5598
8947
6833
3796
1575
7887
9552
9295
8363
6134
9618
3359
571
1063
2481
18
4971
4467
6785
2624
880
536
5160
661
1681
9326
3315
42
8853
9035
1472
2021
3045
631
4296
9312
8591
6591
2857
9085
2661
611
1
5535
7273
1550
7237
3305
2342
9139
9736
6586
4196
4895
2344
7641
9794
1506
4073
5437
1698
6522
5812
6988
1101
3063
6068
5276
7182
4798
2018
4985
804
147
6113
7010
2938
9431
1441
8030
4087
5363
2857
3076
6266
5545
8715
2713
6354
2689
202
8691
2377
4283
201
1641
4856
8921
7951
6620
6653
5954
2017
3568
8370
4973
6768
2381
6658
2690
7383
4235
8652
9593
838
4956
1665
2659
269
4268
5978
2049
431
6680
4421
3752
3730
3974
1226
8646
5550
2143
3311
8126
7656
9197
2906
9533
5998
2456
3402
5292
9433
4814
9193
2436
8143
3490
8455
8899
6397
5399
3438
4911
6424
3458
3463
286
2208
7283
3728
1632
9696
7811
6723
7644
8344
7866
5095
1209
6760
8929
2733
3933
3814
123
6875
7105
8975
4321
5759
1256
2450
5527
9647
6158
8335
6638
5741
8746
9763
9569
2189
6928
1975
1826
246
9735
691
3419
8111
1451
2519
5501
5280
773
3089
2980
5388
2811
3619
3424
4527
5305
3249
225
6635
8328
6796
8320
6087
3399
5424
8879
3776
3008
6025
2752
6067
6957
1621
7655
1963
5952
9022
5864
4955
4866
7859
7822
4930
6884
9401
7022
8029
7138
7049
4639
3680
7043
4211
4869
9390
6470
6219
6598
4593
2781
6372
7165
7331
8729
733
8285
9788
8061
6548
1707
6338
9462
1739
9682
1848
8300
9585
274
7784
926
4361
1135
3883
3395
5539
2133
3700
9871
3045
851
5513
5562
7851
5572
1432
2965
2989
3430
9008
6656
4973
2200
7926
6179
6866
5598
7893
657
4062
7412
230
3846
1795
1408
3127
6041
7566
317
248
4396
2539
9311
5496
1078
9981
9895
300
8769
3982
1391
313
5254
1343
1213
7096
8507
5647
2469
1629
6335
2278
40
7444
2496
8765
7778
1166
2001
4469
7741
4824
8103
4834
8530
5142
4621
896
413
4192
9555
1171
2638
6967
2604
1288
5729
9482
805
861
3230
9821
1511
6739
2790
7045
3652
8676
4121
9128
8536
7978
7026
2709
1393
5005
4302
5091
7791
5943
8525
2098
8349
4953
8504
4178
968
2374
4795
8659
9270
8008
5922
3323
5507
7200
9493
3592
5730
2636
6310
4375
9058
9268
6097
9883
9151
2374
8132
5454
7939
4269
2158
612
189
3515
543
4892
3036
974
5974
5431
3843
1363
2026
9376
8346
2176
9121
8904
6183
6714
279
3463
6373
5651
7113
5611
8220
3210
1952
2684
9668
5933
4514
3714
3747
8551
7872
1522
6808
1187
210
8827
6579
6406
8466
4601
7573
4984
6905
7674
5692
2081
9210
3750
4600
9660
2429
595
9482
1322
8611
469
1400
1220
7618
772
4153
7841
2430
603
2742
3979
6215
9467
8662
9211
5921
3159
9325
793
4866
7785
24
1428
7486
4653
4475
9298
5402
5252
8296
3413
8913
5107
4895
6774
8577
2201
9968
6495
8305
9724
8124
8301
5420
9617
5343
2703
8465
2277
9162
5153
819
8545
5034
2225
6991
3646
3292
4338
734
9047
6248
5245
2260
1643
8393
1050
7784
7948
7329
7281
2709
3928
3809
178
7721
95
9830
4037
5638
7295
7480
4309
2772
3209
8805
1194
8793
5133
8820
31
7236
2444
1759
6156
7057
9128
951
4313
2988
6792
37
9486
4547
1658
5270
4175
5875
2998
5258
8732
3154
468
2098
7323
3451
3051
8950
4558
1056
8999
5479
9890
5594
9033
4664
1789
4593
7062
1812
1575
2766
4052
5324
7372
3571
8578
513
841
1067
6942
1881
1542
3037
8393
2569
173
7389
7674
8243
723
280
9744
2861
9878
7837
8585
6840
7759
4617
8041
6394
265
9364
179
8645
6540
260
9041
2595
5277
9984
9471
4824
9032
8465
2777
6779
5242
1828
3445
5951
7556
6461
4276
1889
634
4775
5194
9728
8438
5981
1415
5841
5429
3482
2836
380
5221
4324
2442
6595
4002
5633
8712
6106
120
1670
8001
8439
3913
5412
8594
9290
5613
3437
7882
9701
9640
6604
1087
7720
9806
8519
5605
5144
1008
9212
6244
756
7477
9979
5444
7498
1000
9498
9483
1404
700
4031
1129
4822
632
9753
7544
9903
9464
9298
8594
4931
6197
7477
5973
6450
6185
4727
6692
6804
2161
3118
4242
8727
7095
3825
9728
7368
7676
361
8894
5180
5848
5680
3680
9896
2387
7109
6891
2577
3676
1891
4776
4415
3043
4367
7430
4733
6962
5954
1155
3146
1070
3544
5895
2314
7390
759
7893
3405
2592
1120
3881
8950
8360
8634
5528
9657
4122
7909
7964
2725
3040
1561
6754
1273
4467
388
5111
9239
917
8485
6742
8414
2739
4915
1178
5587
3312
2063
8506
8415
1892
5777
1486
4785
9318
9251
9570
4961
5503
1919
2806
6073
7151
2746
8946
695
9976
6047
8231
2295
9233
5801
2171
4749
2822
8275
3501
5279
9757
4636
6899
7970
1448
5674
3568
9253
7516
4839
8236
7426
4828
487
9918
3972
3868
4707
845
1403
7098
541
8674
9594
198
1404
1083
6326
1317
7554
9204
1688
956
8871
2557
5039
9195
4564
2001
8162
281
9324
474
2577
9379
8877
8068
7221
5752
2202
5917
6659
6458
9988
6261
2216
3264
8875
8835
755
6489
992
3378
4646
5133
6352
5367
669
4423
2609
4909
1414
8495
5535
8036
576
8751
1425
7046
2864
8641
2530
9825
5014
3279
153
9389
3348
3716
9891
8998
9667
3135
1477
464
2495
2529
9404
8442
8394
58
9141
9732
2419
4841
7298
8555
9982
7125
9671
234
8516
7332
3886
4588
7524
9165
8385
2207
7042
5990
1285
928
3271
8589
2695
5772
1822
7558
1654
7038
4492
8340
4560
885
2325
3936
4282
6996
9998
1515
671
4305
6843
7151
531
5501
2205
1929
871
8055
2072
8065
8981
3388
8949
6468
5757
524
1325
5802
4389
1346
7033
7643
494
3671
9061
8248
1763
7179
5526
3035
6956
2108
1128
4870
6880
7957
9313
7334
7273
5469
6204
290
6993
5930
245
3644
626
5323
3825
8596
6155
8743
1109
5815
9079
3609
3445
5548
6531
7687
9086
8160
1434
4759
7888
3242
3045
3826
6124
5713
3838
3374
5867
9454
8046
3661
8801
2413
7429
6690
7841
7733
758
6389
9859
4557
1165
6188
530
8061
4778
1334
893
5746
9341
3141
6241
9216
7808
747
3599
7406
3274
9055
7298
434
5718
8931
942
4695
1406
6712
8458
5115
9245
4067
8865
9413
6176
5129
9282
5316
265
2106
4939
143
8976
9403
9770
8437
751
8829
6182
3065
4889
4006
9937
454
1546
7422
7994
744
5444
7456
2798
6788
6270
124
8387
9843
7895
9299
3317
2954
4420
185
8334
804
2943
9112
986
2446
5899
4351
3726
2666
8522
6598
1873
8518
8034
1154
9952
7249
6531
1507
9630
6516
4064
3637
9381
9936
3839
6304
5504
2543
935
6546
7679
166
9571
5765
5296
1550
2368
4622
9054
1661
4526
6830
5213
3784
1022
2602
5351
5288
2460
299
7071
3511
7517
9323
3332
3796
2072
6011
6919
6467
9388
7745
9577
9166
6397
2363
5387
4432
7593
4948
9334
8822
8561
5038
2669
5811
4417
7739
4537
7916
1537
2166
5907
7319
2941
4771
8793
6090
9671
2086
8040
4377
9771
1837
3784
9339
1062
9806
9175
1332
9079
638
6247
707
4408
3908
9214
6536
8679
1458
8276
8892
6535
6572
9636
5733
6148
8616
1907
7379
2255
931
3353
3139
7270
7872
5619
8905
3926
6897
5673
8295
4225
6325
7895
7358
6711
6702
2388
7787
4555
6961
4867
5675
9843
9093
9666
8919
8109
6162
7665
6079
7321
2879
726
9343
6270
5050
8329
7294
1848
4841
5320
8736
1162
4526
205
8501
7039
17
3059
8121
2023
7936
4596
5257
4002
2139
8965
8223
3113
7131
6962
1871
7216
8407
3461
2738
3077
2284
3955
3957
2057
354
4475
5004
6048
1118
474
1458
6307
9274
3481
8927
3602
1645
6314
6681
9752
2535
8387
5447
9760
5419
857
7078
511
9637
5169
6436
7078
2653
4557
6205
6754
1210
8124
9814
7297
6486
5054
592
745
9143
3582
8270
7140
5938
1597
6562
4711
1369
9204
8659
8344
5942
6596