10000 777
68 81
1224 1259
151 905
1084 1199
1276 1413
453 1143
938 1244
460 1226
2 892
1223 1415
275 428
906 1261
785 1337
387 1410
950 1409
101 1440
758 1426
1031 1303
358 493
1067 1305
764 912
1132 1193
1228 1294
817 881
1418 1420
885 1267
981 1003
89 1302
1421 1429
1264 1425
196 1279
812 1214
404 1242
314 453
74 937
15 851
496 1292
255 363
1202 1346
1037 1358
1153 1407
585 1204
705 706
1151 1285
1007 1321
694 1373
53 550
914 1263
1274 1392
1345 1416
408 868
679 789
442 1030
610 1410
906 933
118 630
1294 1374
1256 1279
994 1208
366 1214
443 1416
1312 1425
599 666
155 1051
1287 1355
643 909
1295 1397
441 1050
478 873
958 966
1151 1357
380 607
1136 1140
701 1195
1009 1163
1377 1423
319 610
269 381
1323 1367
666 1370
184 1035
657 1015
1071 1398
1438 1440
1369 1425
1431 1438
935 1228
91 341
1249 1283
1112 1144
1304 1380
297 1269
621 1017
74 917
200 1324
877 1385
363 1314
1025 1152
42 833
1290 1304
1308 1312
758 876
1250 1357
108 1076
589 1032
824 1261
393 1307
243 316
1108 1134
1372 1377
725 1420
827 1215
1345 1398
1252 1301
485 561
710 1182
442 846
257 1408
422 991
1327 1397
463 907
1384 1428
77 1064
942 1387
32 72
701 1416
1326 1398
779 843
77 656
263 488
77 808
1085 1440
862 1146
562 963
111 294
1397 1398
1110 1208
917 1415
784 1357
924 960
665 1002
488 824
721 821
1262 1415
376 872
72 436
209 816
129 1084
285 765
1359 1374
1075 1371
17 282
248 1174
989 1286
1328 1389
319 893
1019 1037
767 1378
1033 1342
492 1232
173 469
392 939
1237 1325
564 640
415 1240
448 814
220 748
764 1293
69 1143
922 1136
155 1381
300 1234
523 1123
1107 1210
188 439
398 1271
694 735
841 1204
761 1077
1013 1199
729 838
381 501
1019 1279
102 889
1364 1407
748 1056
475 745
299 473
775 982
149 1326
31 1420
1173 1210
1240 1411
739 888
121 1376
1235 1243
640 855
1078 1328
45 1113
149 1377
396 925
861 1151
129 1243
500 1331
192 504
1300 1315
480 1385
98 900
78 672
623 1436
1358 1370
510 1097
1242 1408
552 1368
782 1415
892 913
789 1397
1259 1330
1205 1285
1411 1429
1112 1270
1212 1300
1323 1372
1402 1414
914 1106
1348 1405
456 1213
1288 1293
867 1129
141 1243
1217 1331
1364 1366
619 1310
725 1238
789 1181
599 1281
726 1143
383 1058
1383 1432
402 1008
1089 1284
9 914
375 1116
1414 1436
902 1010
1374 1435
440 1339
1192 1321
1247 1375
707 1098
1401 1429
132 661
850 1285
1216 1440
834 1297
549 599
781 1433
133 1429
415 659
1126 1319
203 1416
916 1029
549 1195
826 1368
487 1030
857 1252
1008 1116
446 1209
1334 1383
121 748
1183 1301
377 913
198 1368
865 1096
1327 1331
1160 1303
655 799
310 1308
967 987
1055 1350
962 1364
1041 1406
608 827
725 916
717 1013
1213 1239
766 1108
1286 1434
1123 1192
449 1168
1340 1416
264 1322
1430 1435
1393 1394
229 802
1143 1228
534 627
1175 1211
942 1176
616 1255
1197 1355
889 1194
646 819
746 775
1207 1280
892 1274
1148 1397
1149 1168
106 1068
429 959
765 1221
95 873
384 1302
791 1133
36 526
506 1042
277 735
533 900
544 1345
846 1056
1205 1403
55 226
458 471
1284 1405
171 789
1131 1435
391 983
1108 1229
425 604
1215 1368
994 1108
984 1415
196 706
665 715
439 677
877 1200
1110 1409
1427 1438
1146 1219
421 630
1298 1349
715 873
459 661
505 1416
712 852
1383 1427
972 1164
90 684
75 1342
136 1357
725 727
330 674
997 1363
1257 1307
1302 1414
40 580
392 1273
86 1168
1216 1348
1128 1344
225 1090
825 843
181 1118
221 900
1438 1440
549 1198
1202 1239
1062 1115
445 1361
417 1055
1139 1272
674 1098
490 1122
325 704
573 733
1015 1374
755 914
621 834
1181 1288
265 702
130 1144
600 806
228 1073
35 1160
837 942
263 1310
977 1332
710 1220
1025 1341
153 509
918 1269
99 513
862 1335
901 1395
293 847
727 1119
521 982
179 986
387 453
984 1141
1077 1213
605 1099
440 943
1291 1397
1344 1353
233 811
967 1009
1328 1365
1255 1375
1343 1425
443 771
722 1042
147 734
801 875
1267 1388
454 879
385 758
117 928
651 1253
350 1411
535 1125
1188 1345
171 1025
1249 1315
1064 1306
261 767
904 1129
469 743
324 381
982 1418
194 317
722 1405
1120 1341
387 1103
1186 1256
257 671
1404 1421
839 870
691 1069
570 599
160 276
223 477
1297 1421
1149 1292
852 1223
575 1321
672 1427
1066 1308
77 275
405 770
1232 1331
563 859
852 1150
633 1274
625 1319
1400 1423
939 1207
584 1135
699 1056
30 123
573 674
392 393
957 962
206 806
1371 1430
51 115
835 1227
605 1122
1113 1136
453 1380
786 997
224 356
617 1090
904 1250
480 735
535 753
127 1137
950 1175
661 897
965 1182
708 1303
1156 1276
954 1437
611 655
894 1032
487 1361
579 600
489 871
1095 1100
1299 1425
697 1431
1014 1043
1192 1375
41 732
884 1059
137 252
846 1383
1301 1330
1312 1320
869 1162
40 64
643 950
1376 1397
1290 1357
229 1074
384 1164
863 1252
95 938
1000 1410
59 1240
809 1285
783 853
894 1296
740 742
1029 1075
1197 1295
585 836
189 221
1235 1350
151 1116
1205 1257
146 1222
668 782
916 1301
472 754
287 447
211 217
51 636
1248 1266
1060 1436
1151 1295
570 939
1007 1175
1234 1416
142 598
805 1176
698 1361
185 1006
183 651
66 1040
1391 1426
576 1181
488 1057
414 434
757 936
359 483
1334 1434
160 376
947 1381
1226 1257
383 898
429 1356
326 365
547 688
31 689
868 1420
13 443
903 1208
882 1340
415 544
160 1156
612 1210
1018 1193
463 1286
435 1354
1278 1366
110 305
668 1288
1161 1219
324 465
490 905
1251 1337
762 830
1045 1237
1402 1434
396 765
1130 1327
426 1277
1307 1370
1370 1427
476 541
955 960
1226 1389
282 951
80 1304
780 851
402 638
55 1365
1170 1307
116 883
1165 1251
1028 1224
1157 1287
677 856
269 492
1001 1121
147 1050
171 606
1127 1425
476 1052
1337 1390
275 1373
75 1179
85 1381
949 999
1180 1225
359 684
634 903
839 876
850 1333
119 532
1130 1384
1432 1438
689 1115
262 755
325 924
1354 1435
896 1021
458 923
1108 1127
1414 1421
612 801
326 852
300 822
254 391
371 873
1272 1387
820 1435
438 528
1276 1433
965 1005
755 808
1362 1440
385 1373
1219 1399
1276 1410
598 1434
641 1064
1237 1330
1116 1318
935 1232
820 1228
404 615
49 520
1126 1146
745 842
996 1055
104 291
1167 1402
308 341
921 1375
35 338
545 1334
521 924
504 774
249 924
1179 1189
709 814
706 1249
1213 1383
214 1282
844 871
1182 1330
774 969
263 1427
219 1115
450 1218
573 1338
1324 1392
1297 1423
1108 1335
135 870
1240 1301
559 606
1012 1243
382 669
161 1433
1326 1427
551 1150
1085 1281
1198 1276
1304 1392
911 1320
232 900
185 237
1428 1435
696 1086
400 1199
979 1309
924 1177
218 760
1218 1324
965 1129
737 1192
338 668
1049 1403
1092 1341
925 1313
867 1276
1186 1217
1106 1115
543 925
888 1093
794 1069
854 939
1337 1341
509 925
481 1254
1177 1302
573 930
410 838
1336 1371
920 1212
901 1048
1028 1079
660 1137
538 1074
335 1308
172 1189
1003 1427
1120 1313
1331 1361
1300 1404
797 859
954 1046
900 918
325 421
1351 1359
409 803
561 991
1374 1406
467 525
597 1155
779 1190
1244 1345
802 1238
564 633
982 1157
525 1439
372 1285
904 1130
325 1216
772 1033
702 1126
649 825
722 811
157 177
1231 1321
875 943
293 516
495 540
149 1238
870 1057
970 1152
959 1029
1004 1369
166 1002
1389 1407
808 872
1290 1418
344 644
302 1017
995 1098
372 1205
655 1349
494 1120
1285 1432
1091 1257
225 659
1321 1438
1058 1247
1350 1353
15 370
90 578
869 1089
41 722
64 725
288 841
1376 1438
932 1355
1138 1437
808 1427
859 1198
1187 1299
405 1123
593 1433
1243 1265
161 489
658 1017
611 1117
583 986
1004 1056
619 1059
1106 1394
202 1042
41 981
582 583
251 1383
1136 1307
1121 1234
641 1332
89 1439
882 1119
1058 1160
487 1433
288 1117
51 973
714 952
677 1130
152 486
293 816
956 1076
273 458
1311 1332
1027 1160
878 880
637 1350
276 974
946 1411
556 1056
475 1160
271 406
797 1403
114 740
1013 1183
1137 1314
395 973
279 344
774 883
93 949
649 790
103 1047
45 979
1184 1270
825 1352
345 1295
110 601
1192 1429
901 1257
1159 1358
870 1092
453 1279
907 980
718 804
910 1430
1083 1324
983 1125
1296 1325
330 1170
266 1143
329 960
1391 1399
1157 1289
611 684
320 770
825 1016
1285 1435
544 636
963 1056
141 801
566 1364
530 1018
890 1124
888 1195
216 1208
385 1217
15 427
512 1372
1164 1318
176 1010
250 1194
818 1034
621 1082
1423 1437
365 435
1336 1397
1233 1417
287 1164
1331 1340
462 1145
644 1070
610 1189
654 823
893 1293
909 1394
890 1122
620 1003
364 672
221 584
916 1078
224 563
1300 1360
575 782
907 971
697 1191
123 610
61 1004
942 1243
1415 1431
582 1288
237 1255
312 1208
181 375
975 1312
1429 1432
490 725
1294 1405
199 1228
1338 1438
948 1231
34 908
1245 1382
384 1073
705 863
1434 1438
1247 1421
558 1038
1093 1162
464 1049
732 785
399 1289
1361 1438
615 1342
553 647
1083 1298
945 1088
1084 1222
256 1002
1164 1220
1107 1309
113 676
265 1110
840 1247
787 808
436 1125
903 1376
77 632
471 1026
297 1238
1044 1431
1050 1078
1144 1417
484 828
274 553
801 1414
465 1339
160 1361
56 1122
542 1013
399 1130
694 766
911 1403
1109 1162
52 363
600 1070
601 1101
956 1164
520 1127
563 1250
323 973
465 1095
1150 1303
121 157
1402 1424
1310 1398
903 912
922 1087
1229 1351
642 1252
222 673
703 918
921 1007
1143 1225
711 1343
1066 1298
1123 1342
630 817
1275 1309
1200 1271
62 526
464 1439
826 1326
778 1279
237 933
161 1138
545 1003
1115 1335
315 987
886 1024
932 1440
1172 1399
690 965
34 1315
884 1349
151 1166
723 1361
214 435
1290 1420
153 365
902 1200
44 907
446 890
1341 1421
994 1253
570 747
310 591
364 1304
615 899
1372 1414
987 1196
844 852
243 365
839 1316
224 1314
1273 1298
1078 1109
1032 1322
558 573
493 530
555 1414
1329 1404
1224 1333
58 1002
109 1338
287 827
252 1334
728 1387
413 1406
810 1176
894 1233
401 1111
437 1092
1023 1165
1418 1426
903 1387
1244 1312
1274 1364
895 1094
1086 1266
510 1044
584 592
487 1380
1415 1437
318 637
168 1050
318 1007
243 777
142 1338
1195 1300
30 579
826 1057
427 762
1162 1392
1276 1347
1430 1437
145 275
432 1416
1041 1204
128 1086
1391 1429
167 693
191 1243
1173 1281
1418 1434
217 768
65 96
678 1338
451 1417
344 1290
344 1362
315 342
903 1093
956 1170
580 762
650 1173
5 1142
625 1355
1343 1430
370 1210
1177 1292
950 1410
1383 1419
644 1037
777 1158
227 462
376 1010
1237 1350
693 816
437 1309
686 688
630 1239
1156 1352
1074 1323
663 774
879 1043
804 1025
366 740
959 1361
599 1022
447 913
398 1276
112 1187
508 798
982 1026
978 1178
408 917
329 932
320 514
1280 1408
635 1310
1321 1367
1318 1344
1175 1312
1177 1253
658 1364
574 1091
502 620
1325 1409
584 897
411 1311
1208 1271
1276 1421
513 1104
693 868
1160 1205
1176 1370
1372 1433
1281 1424
184 412
995 1137
459 1119
224 732
1398 1436
1065 1344
203 627
1241 1372
235 1242
932 1261
890 1000
246 441
656 1316
505 922
1406 1423
442 457
1249 1343
967 1048
553 624
72 1028
1228 1350
938 1120
1283 1346
657 1167
346 1268
348 1332
457 526
576 1173
269 500
1037 1114
267 1007
596 1200
135 1080
1338 1358
85 542
1336 1348
206 1155
496 553
1420 1436
103 1163
728 1420
904 948
468 550
787 1204
1197 1361
1006 1029
44 1074
1176 1383
958 1206
65 632
1133 1319
666 1223
685 700
277 1241
565 727
1022 1383
1032 1171
79 725
762 1128
128 290
912 1262
667 1047
108 1025
1264 1420
292 1196
1169 1368
1309 1379
668 748
777 1364
1325 1400
1069 1372
641 1059
1378 1407
1031 1296
1257 1277
485 698
161 382
466 1349
1174 1390
841 1243
123 528
99 749
589 745
800 1107
1092 1405
1143 1171
1434 1438
934 981
817 1015
1435 1437
550 947
654 859
1434 1435
469 962
1308 1394
1370 1383
1344 1354
483 1021
203 1217
714 1256
1110 1320
1320 1419
1178 1411
1375 1412
1285 1317
106 703
665 1260
1111 1412
1300 1404
1033 1141
975 990
44 1349
953 1052
1068 1321
239 639
1245 1406
824 1068
1243 1318
469 623
579 963
1288 1370
1032 1317
762 1382
53 1251
738 1319
265 1166
186 1320
1085 1254
260 323
330 367
300 1215
513 708
335 347
1155 1247
1144 1319
74 188
487 961
1327 1358
840 1298
196 1108
382 828
271 410
951 1212
246 1023
672 852
1229 1309
1245 1401
402 576
630 707
350 805
1084 1299
305 1415
110 580
1250 1346
857 865
1358 1405
652 837
1288 1315
802 1418
140 1139
84 773
1352 1357
31 58
1375 1438
1193 1392
1321 1386
1351 1377
771 848
982 1284
1111 1351
1153 1226
513 1318
753 1290
740 754
453 1096
1131 1224
1072 1368
1328 1354
299 1432
40 212
906 1014
575 736
492 838
1085 1297
1347 1406
69 369
1328 1423
668 757
385 1352
1333 1401
479 1047
559 981
660 1325
147 1076
716 981
777 875
1221 1290
36 1160
676 1339
512 918
236 488
634 1339
1095 1284
496 633
29 538
1375 1385
1429 1435
520 1295
1073 1088
185 422
537 1256
217 383
159 542
504 932
1426 1433
1367 1381
435 686
141 817
128 449
1283 1314
1323 1375
96 110
369 504
403 1085
1016 1220
272 957
202 214
107 563
515 728
404 1032
296 1400
1366 1407
33 838
1375 1417
1071 1184
543 960
912 1227
241 892
86 165
1247 1403
300 461
441 896
232 1220
773 1209
998 1297
1161 1312
377 905
507 1287
608 1166
657 683
928 1395
1175 1366
746 1220
1155 1370
611 835
1217 1235
820 1073
1182 1267
237 457
571 1420
1017 1434
1130 1149
353 744
439 1205
262 560
258 1258
38 143
341 1238
1024 1034
943 1000
1007 1397
193 1013
299 562
49 1186
351 852
43 479
1223 1272
1134 1354
853 1125
268 774
320 1036
98 610
32 138
11 957
26 1412
444 639
345 365
234 988
88 820
294 364
9 1359
1297 1310
1187 1440
636 1262
976 1119
1416 1431
355 401
144 207
1043 1188
593 855
146 675
1408 1409
1152 1402
159 362
166 304
996 1271
1409 1410
1377 1438
604 1084
646 1334
1274 1282
1122 1321
148 245
824 966
1181 1426
528 550
1149 1259
1050 1332
620 731
1082 1373
849 1136
583 1231
786 900
1431 1435
245 710
701 881
644 1100
59 590
192 1049
420 1419
102 217
1065 1217
357 826
760 1418
265 1009
67 464
1073 1246
1337 1379
408 436
268 301
489 1213
641 967
908 1213
688 875
1199 1331
243 1212
195 976
504 1107
751 1208
1103 1149
451 1338
476 743
733 1167
242 1362
1090 1358
422 1039
217 1158
869 1088
447 477
645 1015
765 1299
233 342
561 1189
530 1359
1314 1432
351 916
484 1208
842 1380
709 927
1133 1160
1269 1432
1014 1148
913 1100
420 1103
461 1101
412 799
902 1219
574 1287
933 1328
1013 1145
14 857
881 937
385 1302
207 569
485 1130
1380 1425
82 582
99 747
1167 1267
975 1102
1004 1174
664 806
1172 1251
917 1233
639 641
865 877
1248 1349
437 490
536 980
231 730
676 972
1388 1427
1433 1439
567 890
1223 1382
1171 1262
461 917
1245 1392
996 1036
1230 1404
94 714
364 1206
389 1153
926 1072
1059 1335
112 968
1090 1256
523 1313
249 293
1394 1430
964 1242
190 754
1036 1051
260 1349
1374 1430
253 830
368 797
402 1337
21 382
138 429
1275 1326
319 1171
194 321
173 1352
1268 1363
1428 1433
1052 1087
448 1387
727 1009
53 454
1053 1217
782 1115
17 277
1211 1311
1265 1401
497 576
1140 1434
112 639
496 866
896 1305
414 428
307 642
842 919
257 1191
607 1276
12 522
1256 1314
528 1411
819 1015
1220 1385
266 1173
447 614
156 564
760 1425
999 1272
794 804
147 223
499 749
1191 1252
61 889
487 605
558 706
1049 1357
675 1282
229 1289
84 385
77 259
1369 1405
502 1388
648 1337
501 1372
568 1267
763 1026
84 1273
1122 1320
708 938
885 899
40 721
1270 1351
257 567
1090 1385
621 1143
1382 1417
473 616
1413 1434
434 509
1101 1265
563 1285
1370 1439
696 1136
389 727
1131 1214
283 612
362 1173
908 917
1097 1382
935 1154
795 879
1393 1402
555 1298
994 1266
699 1061
82 145
324 694
751 1174
404 952
1435 1437
1272 1312
807 1268
52 496
786 1143
978 1282
954 1392
118 985
876 1274
796 999
367 486
10 106
447 1162
1215 1388
285 837
1356 1424
849 1434
897 1130
1088 1315
582 1367
274 510
539 922
845 1128
219 993
605 818
954 1029
506 1411
1261 1330
498 1172
723 1173
1261 1284
82 1291
1040 1405
804 983
1154 1371
201 1082
1130 1370
160 356
60 1290
1276 1366
771 1176
423 886
487 663
517 596
602 1242
1105 1350
101 748
602 693
812 1276
332 668
126 603
426 510
817 1163
8 1019
257 430
1433 1435
940 1135
1311 1409
310 380
802 1190
405 473
1124 1279
1123 1219
643 694
1261 1330
213 1291
924 1117
47 1158
1052 1102
48 953
904 1434
580 731
1420 1437
670 753
566 570
1142 1168
1116 1168
536 545
896 1272
1212 1315
1263 1425
534 1417
535 1230
920 1142
1355 1357
1088 1305
1006 1290
1306 1412
359 1152
1421 1433
725 1334
1228 1332
1234 1337
726 1416
1027 1310
440 1424
282 704
155 1423
600 1402
227 1097
1278 1372
1393 1403
1326 1420
1266 1283
1094 1178
109 1077
513 1235
956 1438
956 1374
817 1265
608 987
923 1123
1336 1402
142 1366
926 1335
458 480
926 1332
1358 1423
722 853
883 1301
157 1319
1083 1130
1307 1412
411 1025
1099 1234
1323 1326
1324 1421
709 1187
1382 1383
388 1037
452 1213
275 697
1105 1106
896 1209
918 1233
888 1287
220 1413
218 325
492 1251
579 1006
444 1367
945 1148
29 451
561 1130
996 1388
1146 1392
925 1285
1373 1388
397 768
909 1206
957 1149
900 1027
710 1031
1406 1415
931 1313
1337 1363
1420 1429
956 1405
672 961
176 580
981 1068
1064 1320
897 1439
1034 1145
1159 1169
606 917
242 1159
179 1363
856 1158
597 1212
596 812
187 193
920 945
673 803
47 1211
584 604
1263 1311
730 763
131 649
794 990
170 179
942 1008
154 1273
989 1416
812 1339
1349 1392
521 740
267 896
901 1213
227 567
972 1120
1182 1289
1243 1399
295 1202
1103 1127
445 834
825 1132
1023 1119
661 1264
35 185
1100 1228
285 809
852 1223
456 844
1009 1240
1198 1257
1090 1108
1174 1213
681 1117
101 1237
454 495
779 858
1023 1233
1110 1337
677 1248
569 1158
447 472
234 468
792 1270
1128 1258
204 1374
1343 1438
957 1032
1135 1224
886 930
1158 1252
43 125
791 1280
1138 1202
723 964
1377 1409
592 1035
1214 1250
553 817
430 845
89 212
703 1193
231 795
1280 1316
1175 1397
807 1377
1296 1298
635 827
1376 1422
511 524
827 1057
1172 1317
191 1430
486 1383
493 538
788 1224
768 1083
230 1136
1365 1411
1138 1146
50 610
282 469
1165 1221
858 1411
412 1322
600 680
1091 1096
514 744
98 777
1358 1401
807 1290
541 549
1065 1279
615 813
461 659
1423 1433
1272 1296
945 1430
328 1088
289 879
176 390
631 1251
1327 1370
1103 1272
1114 1386
416 1152
611 920
331 680
1098 1392
963 1034
250 1294
683 1309
684 1412
1408 1417
255 587
637 646
139 229
11 712
1188 1417
661 706
1171 1342
1103 1197
82 1125
501 822
416 1027
235 1434
857 1043
1418 1430
682 778
78 1396
225 578
759 1028
236 1303
43 107
948 1010
1166 1389
496 581
407 958
1148 1255
548 577
94 1021
42 308
1344 1376
581 658
282 1261
146 471
309 396
233 1342
792 1428
742 1325
388 400
1005 1368
653 1102
1035 1167
936 962
1260 1270
719 1028
92 1341
548 554
955 1346
1198 1333
42 1220
469 1325
1411 1440
43 1337
1184 1413
1421 1437
1211 1310
47 723
566 780
446 659
374 919
1070 1170
950 1060
1328 1434
1307 1413
340 1254
474 1340
903 1054
83 851
848 1138
928 1270
1167 1205
903 1283
1164 1216
34 1045
1126 1321
1353 1427
38 1331
1058 1166
477 856
291 506
1028 1191
430 533
1189 1385
903 1238
1337 1360
429 1253
1052 1147
64 427
1408 1428
1241 1261
1404 1430
1001 1210
494 1330
1423 1435
884 1055
1255 1274
1154 1183
1372 1373
225 1267
873 1435
278 1393
314 759
745 809
928 1032
922 1281
1010 1119
459 1319
650 918
564 571
1113 1440
1251 1354
718 1073
666 947
794 859
108 505
1244 1287
498 1185
51 549
889 1440
1108 1191
873 1193
1401 1435
647 926
1306 1383
1205 1276
599 1238
787 1096
518 1288
463 519
1078 1170
682 1032
4 1104
954 1102
184 225
155 1430
539 1289
1357 1365
61 868
1189 1252
337 572
1384 1387
290 1027
980 1152
767 858
1040 1155
1387 1409
1064 1148
99 1355
783 1432
998 1028
486 1179
36 1183
1205 1221
293 1159
645 1090
412 1021
10 555
1104 1137
895 1166
408 1133
123 290
663 1051
1117 1150
269 1200
1159 1196
139 292
1087 1313
804 842
1207 1360
243 1006
474 1375
287 1206
508 1373
1299 1401
323 668
925 1151
1432 1433
281 835
554 1000
845 1244
1413 1436
1205 1313
891 1016
1272 1301
261 1167
1367 1397
181 524
551 1096
387 613
1007 1231
1039 1336
700 1032
1183 1392
999 1188
397 1392
352 880
390 950
796 903
792 1100
871 1374
1158 1340
409 754
1091 1438
967 1288
564 1331
996 1327
1296 1404
1013 1111
683 1195
581 625
335 804
262 679
1395 1431
235 1169
564 1320
1365 1419
262 1191
602 678
1350 1357
1309 1380
399 1167
1291 1320
746 1439
471 1348
749 1024
1085 1396
1177 1282
218 942
389 762
391 1006
828 1390
31 817
730 1011
54 914
1091 1408
1213 1397
379 1170
412 580
34 1212
1403 1411
606 1184
153 540
194 1305
501 804
1412 1440
313 564
421 1040
237 427
1032 1200
774 1298
565 835
736 1376
385 1364
840 991
854 1241
1218 1409
227 1076
754 1020
753 1426
747 1408
459 1036
117 268
1011 1277
465 909
316 368
356 1182
173 351
478 974
463 766
917 1334
1410 1418
732 1137
474 787
1280 1282
1367 1422
780 967
239 391
851 868
1392 1403
1018 1118
963 1264
576 1037
1366 1412
653 864
894 1135
1013 1037
1296 1428
1124 1230
59 822
111 556
272 976
275 686
364 684
627 842
219 1252
695 1086
885 1235
18 1398
567 1337
270 508
1283 1300
125 1380
971 1312
1432 1439
108 846
670 1332
221 437
1096 1268
871 1245
1435 1437
1065 1424
569 933
1351 1358
122 250
569 626
261 362
505 873
699 1001
455 489
1282 1305
327 1303
781 805
726 1422
749 1087
903 1138
1256 1424
516 1193
135 875
1015 1366
602 619
578 1383
138 564
858 1327
138 992
54 205
697 1396
1021 1415
1347 1368
955 1063
958 1083
632 1401
1155 1311
655 989
1028 1150
856 1336
676 1044
1007 1402
742 842
1037 1211
1406 1420
958 1341
303 945
1320 1401
1376 1414
928 937
37 277
8 233
1121 1345
1270 1369
477 662
1369 1431
325 693
1292 1319
704 818
1135 1137
865 907
324 492
223 367
1112 1397
565 841
1076 1270
1153 1188
12 692
813 985
582 621
1354 1376
823 1021
142 1345
1106 1160
160 1298
705 881
487 1089
508 1401
1088 1289
48 421
1430 1435
230 880
1365 1439
1294 1322
1263 1318
16 718
396 1013
1027 1200
419 1057
664 961
281 694
1221 1392
1083 1332
746 958
979 1227
534 1389
99 454
941 1355
353 928
1408 1430
1414 1419
395 724
973 1395
1010 1398
53 1249
925 960
1360 1366
1239 1412
613 1382
491 1230
391 1141
634 1096
793 1187
583 1323
498 507
553 1251
784 1271
1144 1277
662 1068
1065 1131
612 852
708 799
242 618
176 615
785 1258
1110 1257
179 802
672 1119
78 837
112 159
271 838
1224 1271
571 890
1114 1351
994 1282
225 541
1274 1414
26 71
965 967
678 975
180 251
332 824
1423 1436
1000 1399
24 955
1032 1370
1369 1412
317 418
206 968
502 1217
270 284
641 1391
993 1058
126 836
250 754
475 1266
1135 1215
287 361
641 1360
984 1207
754 895
69 875
1149 1204
356 1196
1028 1420
1089 1288
551 1270
1348 1411
146 218
46 1394
55 674
22 988
331 404
924 1001
1116 1166
746 1269
168 1244
938 1218
1106 1438
588 658
36 981
396 579
1404 1414
406 1270
71 77
1133 1147
951 1082
1363 1396
325 1077
1032 1042
262 324
1086 1334
192 1206
253 860
233 1361
346 723
1268 1283
886 914
160 402
221 373
1135 1254
974 1001
864 1079
310 1329
766 1233
489 1087
184 710
1045 1386
1014 1309
117 791
292 783
1259 1381
1084 1215
1388 1393
970 1095
1113 1316
1360 1407
667 1117
196 240
1372 1396
570 838
191 289
761 785
789 1408
1202 1235
311 1189
20 872
896 912
450 1351
1122 1376
325 1421
1373 1388
1051 1428
384 1107
222 1378
652 1226
801 972
562 783
1425 1429
449 980
1304 1338
8 1290
619 682
711 852
540 686
1086 1287
564 627
683 1352
215 912
308 1380
588 695
576 1258
547 1410
857 1039
1386 1431
108 455
357 694
421 1044
264 719
959 1072
306 660
1438 1439
600 642
299 938
184 551
1401 1438
1108 1357
856 1335
841 1128
299 1200
405 562
1082 1234
1024 1052
868 897
603 840
161 854
1424 1435
356 1213
969 1330
324 1362
47 1255
1132 1305
813 1276
1302 1418
520 1281
354 978
1144 1235
191 604
254 651
774 1112
1311 1382
1423 1427
674 1359
1195 1329
179 1326
534 1083
173 1296
256 374
794 1413
63 1248
53 1411
583 952
651 1165
991 1106
1035 1171
349 492
725 1085
1218 1246
865 1286
938 974
709 905
940 1321
1213 1353
350 696
595 1163
218 1405
1058 1143
763 939
855 1341
475 959
1378 1436
997 1054
1215 1262
784 1087
863 1372
830 1393
104 649
1246 1436
996 1324
1006 1149
467 777
1 398
1002 1256
1409 1427
1037 1426
36 1098
702 1094
196 1120
465 579
1020 1280
80 946
593 731
725 975
1180 1201
422 842
1024 1290
1419 1429
307 1134
1259 1260
1032 1367
744 1192
609 1439
488 1243
483 808
635 1062
774 1254
804 1306
202 1229
630 1326
1292 1347
1185 1397
516 957
97 805
539 896
779 1310
641 1331
452 1208
690 808
372 491
425 1292
262 1395
962 1268
167 1401
61 1129
519 1334
382 508
771 1367
187 1127
471 650
131 1069
316 907
787 884
118 851
983 1270
1392 1417
661 805
782 1220
758 832
1309 1311
341 1349
262 814
1111 1408
670 720
1243 1426
692 1055
645 991
1120 1437
1140 1427
560 849
476 616
1112 1116
1057 1190
559 717
130 434
101 397
29 675
197 1371
972 1399
1322 1403
166 409
908 1150
261 1037
841 960
283 1436
326 550
160 535
913 1055
1435 1437
1106 1326
342 1111
516 697
283 1428
1307 1344
617 660
1140 1173
1222 1430
643 1201
71 424
545 1188
400 477
1200 1392
983 1198
1269 1322
134 1031
114 746
419 491
917 1238
1069 1269
394 1330
64 1359
1103 1436
752 1358
352 1040
552 1167
571 1150
1057 1275
729 831
237 882
1381 1404
1206 1417
881 1033
702 1269
328 512
1346 1381
550 565
1120 1392
207 1016
59 1422
1323 1390
360 961
1124 1285
171 780
963 1324
1362 1393
177 450
997 1376
474 1005
342 514
468 1320
1095 1394
618 1290
1296 1346
591 1092
1082 1127
826 1083
45 158
316 878
385 478
519 887
566 744
601 1067
605 913
290 1059
1115 1281
626 852
1399 1402
199 659
657 809
1177 1382
1361 1368
697 1386
646 1137
667 1266
899 1163
210 567
759 1121
1130 1387
749 1205
1211 1424
1386 1407
403 1083
1136 1240
1059 1345
812 841
710 784
837 962
507 649
545 756
1278 1339
1153 1420
43 64
1071 1151
559 1185
498 590
672 1434
108 1228
1251 1265
648 835
889 1239
71 167
252 1176
807 848
1428 1429
308 1155
300 950
824 1341
698 1216
1269 1392
705 988
127 728
750 1269
337 1419
52 981
86 1394
934 1111
1247 1287
1377 1408
918 1136
1005 1146
1225 1326
354 1044
459 708
21 135
344 458
1202 1250
297 676
934 1190
975 1292
360 846
1348 1356
1105 1405
549 637
1134 1224
145 332
1335 1429
375 477
788 922
728 1345
477 620
87 1232
834 942
986 1407
1303 1390
307 667
759 1263
1413 1434
599 1339
731 1206
1377 1389
741 846
759 1075
452 1381
114 193
972 1434
794 1211
6 217
1206 1228
1371 1402
323 683
400 1119
1145 1380
570 1287
579 1397
1011 1281
1206 1343
992 1270
338 1101
1410 1429
1166 1276
60 709
507 795
968 1044
642 976
692 905
1251 1412
36 1155
1070 1289
653 802
1208 1307
663 1133
855 1150
1402 1403
1186 1191
211 1371
959 1052
918 1357
937 1315
469 686
41 756
270 1120
180 767
878 1302
171 667
513 1107
799 984
1332 1438
316 410
821 1022
143 1313
853 863
1185 1228
519 1016
1047 1289
310 719
1037 1178
674 1237
831 934
1175 1276
513 539
1192 1378
1145 1192
376 989
978 1270
1291 1365
576 641
629 1118
1055 1400
959 1162
1406 1423
1141 1373
478 925
413 886
449 840
94 739
849 929
924 1078
479 527
960 980
992 1069
880 900
331 482
826 1315
1181 1236
857 1022
494 964
748 1125
1133 1362
661 1156
567 880
443 655
1329 1389
1301 1418
733 1056
786 1224
866 1138
719 731
1132 1349
861 889
689 1031
1186 1326
871 1343
1304 1409
396 1092
586 1286
903 955
562 603
555 793
538 610
1349 1411
1126 1193
432 1080
424 963
568 994
1032 1153
1375 1395
308 692
790 884
90 1074
1055 1068
888 1279
949 1367
970 1147
136 613
14 116
998 1320
147 872
1085 1267
637 1094
757 1087
1162 1165
1333 1360
1318 1404
1405 1438
890 1308
810 1117
873 1417
230 893
1386 1405
620 631
1377 1437
1124 1350
132 665
754 1424
1015 1406
801 828
1169 1411
1016 1190
678 1366
1421 1432
398 747
1150 1340
1044 1106
248 359
500 677
1107 1172
585 807
333 752
744 1031
197 550
798 1169
259 1223
263 571
240 1367
578 1042
1345 1381
227 936
226 502
968 1218
1195 1396
1394 1408
342 1056
1031 1131
47 410
274 1428
533 926
356 664
1419 1423
89 131
203 1266
1376 1384
511 830
7 544
1066 1214
1433 1434
1438 1440
317 1143
1371 1395
1380 1417
768 1344
857 1126
373 1008
1394 1415
981 1265
190 654
1191 1346
581 590
383 1039
480 1433
847 969
250 631
529 857
463 1178
930 1150
876 1353
846 963
247 1258
1253 1323
343 1321
540 768
1140 1254
157 430
1126 1340
1151 1333
918 1149
1118 1243
772 1096
645 808
1235 1405
869 1276
423 849
881 1417
1410 1430
1113 1175
466 819
615 1189
395 1109
1031 1063
963 1362
1275 1408
1215 1284
1022 1338
632 1008
647 1124
969 1372
71 918
740 1275
1278 1358
229 1133
917 1156
10 225
802 1250
1268 1339
433 1237
280 1012
620 1208
1274 1385
254 1273
1405 1430
534 1120
566 1150
626 1333
15 614
649 1349
899 1234
35 1078
479 798
958 1138
497 1348
1254 1355
977 1209
503 663
737 1258
638 734
460 1250
936 1360
1319 1387
205 1417
138 343
464 1402
637 1192
183 218
682 920
1300 1370
498 652
1052 1207
1029 1389
786 1387
803 874
970 1052
500 590
1324 1332
1374 1433
178 943
795 1056
138 1103
981 1132
674 1354
582 789
551 1235
820 1108
556 1200
655 1162
914 929
484 1179
1197 1422
305 1239
1222 1405
61 1373
1118 1260
711 862
328 1072
57 376
736 1226
1330 1412
1247 1295
251 762
634 679
1438 1439
982 1220
472 966
194 1247
1102 1412
756 1226
531 1418
694 1202
470 836
867 1164
145 1394
645 1237
120 486
102 380
289 979
846 1261
428 1172
1400 1421
1281 1363
498 788
1290 1345
892 1149
697 1310
1417 1431
995 1399
813 1352
137 269
859 1166
400 842
151 1405
841 1268
1128 1256
351 1268
192 1386
274 1254
1058 1264
294 348
195 1232
650 1369
886 1203
557 1402
748 833
689 1002
777 882
555 1159
28 1302
495 1263
658 1401
664 790
1273 1283
1004 1270
1432 1437
1114 1287
1088 1396
103 507
702 1138
1318 1331
1061 1063
37 157
66 995
1045 1219
1089 1183
992 1344
787 1207
861 1263
1103 1388
84 578
244 537
310 436
1296 1421
783 963
730 1391
643 1024
1327 1332
725 822
875 1401
236 485
1106 1156
1352 1380
370 1255
396 470
791 1075
55 726
971 1031
978 1227
305 905
310 610
492 1393
1162 1409
968 1012
338 1080
4 1041
998 1216
917 1328
1139 1365
1309 1370
232 473
1081 1433
388 1081
460 1221
1352 1366
863 1204
76 490
586 791
295 1157
975 1114
952 1326
268 1048
1071 1139
405 1043
86 398
550 1070
1212 1405
85 612
1431 1438
375 1090
503 867
616 796
563 826
1061 1105
1145 1365
1235 1308
1311 1388
1386 1402
917 939
67 270
568 909
893 1245
281 840
1101 1210
341 489
543 590
1033 1376
305 605
779 1139
233 668
926 1320
52 458
117 851
313 620
1255 1401
985 1268
888 1095
70 1327
1256 1320
420 502
818 1123
275 1338
610 740
1410 1419
316 837
748 763
920 1196
291 1430
365 804
495 913
834 841
108 802
132 1083
565 973
399 1398
941 943
620 1056
1139 1352
245 753
1356 1408
201 1261
1428 1433
292 362
81 158
1122 1235
882 1127
1339 1395
68 1134
1389 1397
616 1421
1224 1435
55 1268
628 1095
529 1165
383 754
554 1069
640 1422
636 740
1022 1123
1332 1401
1014 1092
64 636
1329 1408
63 1108
1331 1426
1404 1405
1151 1318
672 1131
628 1422
481 670
969 1182
1117 1272
388 980
1244 1323
1341 1346
506 1377
1163 1298
342 1348
930 1274
1353 1371
21 296
1054 1226
1279 1317
1016 1425
1399 1404
165 1197
1063 1191
337 1107
93 890
449 1028
1119 1183
325 1228
1428 1433
21 310
893 1086
519 1120
198 674
912 968
706 1359
193 287
1172 1176
1032 1384
105 161
1248 1279
33 664
47 548
523 1124
942 1359
1087 1282
667 830
474 985
1304 1412
617 625
615 726
697 1388
1058 1385
991 1414
1317 1339
160 1418
1144 1366
882 964
687 817
923 1082
570 800
1046 1250
751 1258
455 635
1430 1438
462 665
570 760
1278 1341
838 1038
133 273
133 945
950 1017
981 1396
977 1330
77 999
1249 1400
495 502
327 331
1057 1293
179 649
372 1137
1314 1351
737 810
1040 1152
1054 1390
606 780
266 1130
396 1340
1301 1315
971 1190
156 778
225 838
831 1153
702 996
1081 1359
1151 1336
1130 1435
566 971
654 994
31 1259
716 764
1179 1412
382 446
861 967
1052 1419
425 557
1326 1376
760 1433
542 582
1000 1281
1248 1265
863 1359
742 804
1349 1382
1211 1227
741 1018
769 1195
441 488
1135 1293
699 901
318 1242
473 652
1300 1313
501 694
1279 1395
476 1403
7 677
1053 1122
411 1187
1018 1141
51 1380
978 1369
720 826
814 819
1317 1357
1095 1131
439 1280
288 1057
1273 1278
439 477
803 1154
396 1228
116 722
527 1303
1054 1245
532 873
450 1034
419 1150
95 960
219 693
490 594
1227 1298
136 710
523 1073
645 1222
247 583
989 1134
678 1167
1323 1365
173 1102
990 1233
512 1310
699 960
1072 1074
1396 1399
1038 1267
243 416
602 1293
845 1144
1161 1260
1112 1422
909 1340
589 710
458 886
1269 1431
300 548
80 903
510 846
1283 1394
486 1401
747 756
532 1318
95 500
161 1103
499 1217
454 1408
523 1242
801 933
1409 1439
1110 1249
1430 1432
773 1188
756 1069
898 1168
846 1022
1377 1440
656 892
292 318
210 618
1046 1419
1202 1269
71 147
1166 1304
411 570
291 356
562 1217
698 1295
839 1381
657 717
969 1002
332 902
257 1215
387 745
651 1136
752 1290
602 940
979 1248
276 648
1110 1303
656 707
721 722
40 104
997 1291
829 1328
66 538
1183 1423
914 944
1328 1403
1019 1298
399 748
350 924
720 898
74 1130
1153 1224
30 795
934 1185
774 1439
80 1076
36 482
668 818
37 1200
350 559
560 607
455 541
989 1142
1107 1172
1142 1214
260 1433
1411 1415
968 1235
157 309
178 1296
1088 1156
1117 1316
936 1061
432 462
1381 1423
1150 1417
1362 1364
920 1332
909 1063
1425 1439
442 504
847 1336
1083 1234
661 1386
883 893
660 771
94 1162
1398 1411
409 1247
210 620
524 844
850 1138
957 1051
1002 1287
1308 1406
11 763
1142 1430
793 928
1087 1285
801 834
914 1196
224 339
1354 1377
551 604
722 1197
1030 1412
493 1409
374 886
1418 1422
817 1235
1151 1331
521 550
388 707
962 1052
1390 1426
1326 1376
1270 1343
363 1439
559 1373
532 574
506 791
44 1154
350 1318
45 1181
913 1113
652 742
834 1363
747 888
264 682
15 55
744 840
1227 1305
1099 1394
1393 1433
629 647
1111 1195
568 1226
64 830
67 1167
607 1235
686 766
5 699
642 1099
253 852
1252 1330
488 647
869 1187
300 678
679 1382
1084 1103
1339 1403
734 1019
1110 1381
1274 1316
51 1246
1068 1092
803 1343
1349 1398
1152 1250
805 926
954 1057
866 990
583 955
699 842
499 1042
1015 1028
1057 1081
866 999
1031 1282
975 1017
598 939
25 1292
1188 1350
510 862
1307 1325
1437 1439
70 768
1424 1437
76 1144
1240 1321
677 1328
180 901
607 1047
596 955
1273 1435
430 920
556 1092
303 884
1080 1392
294 1132
932 938
26 676
1083 1124
199 601
1288 1435
586 1317
474 663
1206 1434
777 1240
57 1389
853 1415
886 962
1235 1315
1099 1400
782 1296
1279 1415
292 1204
1090 1182
75 733
76 77
299 496
966 1388
1097 1410
1412 1423
1366 1405
1247 1429
327 360
208 476
1109 1224
1323 1389
782 1098
586 1415
496 613
757 1409
625 1234
200 595
1272 1327
1404 1408
1198 1200
828 1298
266 287
1377 1379
898 1209
1178 1253
886 972
625 1277
761 1320
769 1194
56 825
488 856
1159 1419
441 1260
66 1177
800 1188
1292 1429
542 1267
1184 1197
933 1290
1237 1240
1189 1223
846 1278
804 1144
914 1027
442 757
573 1334
254 1000
51 155
1365 1376
1251 1265
1069 1165
1333 1422
570 1087
1353 1433
647 1230
101 459
487 559
665 872
1065 1415
113 914
1271 1409
1280 1438
1058 1105
234 1060
685 856
1414 1416
1303 1371
1152 1238
710 836
698 1123
723 1269
14 1012
1426 1439
789 868
970 1227
1427 1437
810 1106
1211 1381
1226 1276
1254 1348
824 939
1002 1036
718 986
875 913
165 1394
720 1227
613 1235
346 735
267 651
1190 1290
482 619
1347 1412
222 774
689 1133
60 792
279 718
978 987
1139 1423
491 792
365 1259
1104 1428
1116 1310
210 232
832 974
1250 1301
1021 1076
623 820
254 588
968 1408
307 1435
810 1212
726 769
1163 1403
508 1183
616 955
1262 1431
764 1381
502 1099
267 1270
665 1132
1387 1414
1249 1264
1182 1375
765 779
3 78
208 420
223 876
1283 1324
1319 1429
1121 1287
955 984
1147 1202
99 909
670 1425
1059 1354
1335 1431
952 1027
303 1347
900 936
1087 1152
93 748
592 1169
700 909
1055 1430
626 906
771 882
124 369
968 1224
897 1359
101 842
230 450
459 565
1317 1363
1346 1376
952 1396
714 1372
86 531
1388 1431
1290 1418
1219 1254
789 1313
582 1125
1256 1325
632 957
678 1177
1051 1129
203 337
805 1422
1017 1332
978 1060
1334 1405
922 1054
1138 1426
351 802
457 492
1267 1373
358 946
299 1387
595 1106
439 880
70 301
773 1106
245 445
907 1295
354 404
899 996
1331 1405
974 1095
1181 1305
163 857
487 615
374 507
240 804
1300 1433
61 1085
145 964
466 878
891 1086
1188 1251
282 487
603 1355
346 967
225 1268
1096 1388
1035 1323
731 1124
28 1258
868 1399
969 1154
1112 1210
769 1103
1085 1114
169 1170
1048 1373
949 1126
1246 1408
565 810
68 841
461 1107
499 1340
1031 1430
1210 1300
169 186
592 1055
496 1348
584 1025
927 1097
626 1266
725 1406
13 32
767 1111
1384 1401
1375 1425
159 179
859 974
746 1316
1047 1133
918 1282
610 1048
189 1027
646 1418
710 1114
805 1326
1147 1238
92 361
980 1006
793 1277
670 789
408 617
868 1219
623 643
1055 1074
140 425
700 1032
1173 1293
45 191
649 1017
1272 1411
235 503
1434 1436
106 1099
721 843
702 821
1170 1407
1258 1354
572 869
665 1388
56 986
1423 1430
1153 1291
651 1104
1268 1423
757 803
379 1222
927 1096
149 1293
1187 1376
1294 1304
273 1063
909 1247
371 972
546 901
1019 1046
1269 1362
930 1225
395 912
458 805
831 900
702 1333
934 1287
1043 1251
314 1056
193 1135
23 1099
1075 1210
1234 1398
1169 1318
87 1398
230 360
1174 1204
162 512
998 1024
391 1050
638 1319
870 1322
72 85
1384 1427
1409 1420
1335 1370
795 1349
1022 1261
553 1378
714 1196
584 684
1284 1367
394 609
146 785
299 376
955 1341
1321 1380
533 853
461 1419
658 747
459 1130
286 1134
695 996
468 607
1378 1389
1326 1341
306 1326
1155 1297
826 940
221 1246
403 513
466 1104
225 1271
288 1139
910 1039
819 1416
1079 1320
302 1009
1429 1431
551 1429
51 932
817 852
949 1229
665 1123
60 1088
1274 1280
808 866
241 993
432 960
1336 1354
1179 1296
1254 1439
1101 1157
942 1059
31 605
1293 1360
594 945
555 699
980 1336
765 1127
576 1370
560 1096
264 350
1051 1369
398 1057
1084 1296
336 850
1072 1295
1070 1380
1078 1184
939 1025
1071 1314
88 842
840 1244
632 1047
1113 1223
86 417
1180 1424
1322 1421
171 258
746 1350
111 792
689 1073
509 867
1046 1074
889 895
301 1116
105 364
878 1145
241 1140
1215 1426
1013 1235
1052 1086
1435 1437
1239 1393
940 1286
1354 1405
1038 1204
1028 1080
667 1348
1047 1151
1136 1332
245 1158
450 1121
634 1062
948 1175
495 865
843 1203
1089 1258
1325 1348
857 913
1077 1278
969 1202
754 1337
1237 1241
606 763
722 1236
755 1285
401 765
800 816
213 714
164 474
867 1242
803 1246
576 1259
982 1282
1103 1402
629 828
326 1057
859 1136
979 1175
533 1293
160 1364
1429 1431
1421 1427
418 1322
1215 1282
217 1404
5 1205
569 630
207 835
489 877
18 937
283 1013
1393 1411
716 976
864 1064
133 1366
209 1277
442 1158
111 374
47 1234
781 1119
211 709
714 1203
529 632
1086 1187
1096 1198
405 1356
78 1054
832 847
1335 1388
825 1134
129 1174
52 954
1316 1423
1402 1418
501 510
1406 1436
1001 1393
1260 1321
1068 1084
929 948
178 828
749 767
478 485
1357 1420
918 1380
389 1378
583 892
810 1123
1300 1305
1363 1395
458 1111
18 565
602 1033
109 1008
698 1167
1334 1416
516 775
474 578
1095 1268
42 1180
57 432
802 1436
787 941
762 885
1049 1072
238 1106
834 1043
516 772
55 1248
370 398
1418 1431
858 1323
1222 1227
877 1370
611 620
1412 1427
525 591
591 1107
478 828
930 1126
1216 1353
682 1113
928 1202
1175 1217
694 1161
1253 1411
724 1291
948 972
1387 1393
357 1294
1132 1208
270 681
294 543
1304 1376
1101 1214
985 1394
734 909
186 1269
520 1288
138 785
1249 1410
559 896
1425 1426
530 580
1149 1354
1155 1388
152 1301
914 1201
575 651
693 1399
427 849
995 1125
971 1101
279 919
25 353
1393 1425
1112 1366
1013 1324
1321 1380
301 1019
1338 1433
325 1027
552 1402
1197 1270
23 983
183 1408
1090 1110
884 1351
621 1238
923 1085
316 1320
428 1071
1044 1304
382 573
1116 1398
554 558
99 1108
579 899
947 1380
1143 1301
615 827
1262 1355
615 1205
1228 1274
803 1207
270 1163
308 360
1244 1379
1145 1253
622 1236
431 1135
128 589
1075 1244
13 1323
774 1281
244 938
14 387
997 1145
432 1177
441 733
1187 1355
1237 1389
266 423
408 971
945 1307
387 771
726 1401
114 403
822 1060
350 430
1387 1408
1112 1312
1396 1422
228 1198
846 1330
634 1389
1418 1435
1007 1347
919 1426
1345 1436
117 755
1430 1435
273 1132
535 1266
975 1209
552 886
376 452
570 1358
1419 1434
1293 1425
1407 1432
1285 1438
1306 1414
897 1298
968 1105
989 1184
875 1356
35 374
1136 1161
495 705
573 1148
650 1097
379 713
698 887
984 1414
229 576
99 823
802 1207
1380 1392
755 825
283 383
1379 1399
710 1169
25 328
841 1392
22 1365
52 1113
743 988
666 778
75 631
367 603
691 1372
741 1160
663 725
1049 1085
1359 1381
1134 1220
104 105
913 1265
1036 1171
125 342
966 1254
169 381
1002 1379
966 1155
457 582
542 632
215 1079
309 830
541 703
485 1364
774 1184
872 1209
598 1179
81 640
1178 1263
104 857
1104 1205
955 1071
334 1396
952 1009
782 1296
241 1035
1044 1194
217 940
222 1071
175 361
499 1296
528 1195
21 495
314 968
724 837
258 473
1203 1279
663 1031
306 518
1310 1317
1182 1247
870 998
1238 1389
320 521
169 1200
624 986
875 907
382 1339
278 761
1017 1192
1150 1321
225 1104
93 508
126 680
1118 1242
885 1350
890 1313
279 635
159 386
456 562
763 1005
332 605
665 781
83 348
1434 1440
685 864
843 1057
31 780
228 621
853 1357
838 1016
155 953
1385 1408
771 826
1126 1351
881 1346
98 397
442 1434
865 884
593 1096
544 871
828 1248
514 1123
352 629
976 1087
1340 1382
435 1248
1379 1401
940 1078
960 1083
981 1339
1380 1438
1084 1408
1078 1152
3 52
38 1359
685 1318
1359 1394
441 879
539 775
438 641
1059 1320
559 1071
360 1318
893 995
741 930
1192 1318
1117 1119
1430 1431
483 1056
1428 1432
584 882
453 889
167 300
441 673
534 1155
984 1434
1232 1306
1220 1425
282 832
1124 1149
57 879
524 1214
1038 1384
814 821
44 75
286 848
1044 1256
735 1090
678 1131
624 808
240 558
428 1248
174 1361
1003 1026
1156 1439
1060 1390
583 974
12 689
770 991
1317 1356
400 897
987 1285
1378 1414
781 936
226 787
505 1343
374 1230
323 477
1047 1231
240 538
794 1005
1191 1318
266 561
726 870
980 1332
1366 1373
877 1375
1058 1119
1168 1211
1336 1430
299 529
960 1313
691 1117
278 904
917 1043
846 1226
1017 1361
409 1074
882 1266
749 975
1044 1324
1214 1395
1220 1288
888 1290
1408 1421
212 534
898 1387
1200 1409
96 672
1087 1319
832 968
1015 1020
216 338
483 1168
99 1426
1246 1269
822 1093
685 1219
88 530
1019 1296
1405 1431
317 535
995 1414
487 839
1430 1437
348 857
1179 1327
725 1434
849 1238
1291 1418
899 982
448 908
368 492
1057 1361
797 1095
864 1131
892 948
1006 1333
406 472
861 1358
1026 1378
825 1324
802 842
1114 1375
1180 1316
470 1206
1426 1429
475 1160
877 1127
7 282
614 773
1175 1243
794 845
1084 1123
1248 1440
1295 1361
1434 1436
894 1057
640 1053
882 1148
1286 1406
440 712
975 994
169 1360
837 1128
1238 1371
1167 1198
1116 1432
1335 1344
986 1071
955 1366
1053 1391
377 866
1001 1343
55 240
498 720
48 410
946 1359
382 1362
758 1134
1106 1392
637 935
526 606
71 963
398 1013
1117 1401
272 1404
83 435
862 1436
150 984
125 432
1114 1246
1294 1372
943 1035
590 1380
1132 1271
59 1344
848 881
1183 1415
190 1125
1344 1361
406 1133
1419 1432
514 1019
256 1318
472 1084
161 505
513 935
996 1227
365 1368
1321 1414
1422 1434
524 1145
74 841
1260 1398
473 1399
496 767
1094 1117
176 1018
264 759
908 1141
284 611
201 443
111 282
770 1298
440 1098
395 990
267 1408
981 1019
1419 1429
1087 1429
660 1325
287 1208
1221 1267
344 1180
1004 1194
510 1270
127 1419
267 714
581 1421
1066 1227
685 989
829 1054
791 1121
819 894
1208 1271
1164 1301
167 320
602 1082
1095 1249
912 1044
1187 1420
1003 1165
443 1166
393 658
224 1146
672 1380
955 1206
142 835
1109 1360
887 1327
582 1353
104 917
755 1070
1337 1401
628 1262
996 1075
749 850
650 914
640 1427
468 1174
975 1031
441 1110
7 764
240 694
583 842
298 343
60 95
270 1025
569 1051
1437 1440
747 912
253 642
1244 1366
62 385
881 1421
874 1191
513 1330
1028 1183
1350 1431
772 1375
608 1016
805 1108
571 1344
62 363
140 204
864 1272
914 1057
724 791
97 1073
953 1289
1142 1152
1200 1381
947 1097
30 324
1169 1344
156 768
849 1286
1177 1405
337 752
574 1112
237 1096
1416 1430
506 710
306 408
1392 1436
644 1380
87 182
851 1238
690 905
1005 1368
1253 1271
1180 1232
925 1267
763 1353
441 1161
1236 1422
340 598
223 698
1266 1291
794 1325
674 1227
641 1243
1015 1218
73 1226
1393 1400
876 1127
1339 1360
349 1181
551 1316
234 732
127 1203
1258 1369
1040 1283
768 802
1108 1407
1028 1399
1059 1305
28 247
802 1295
1365 1425
260 1200
545 761
1122 1296
521 646
1192 1301
1282 1285
1248 1411
1431 1437
448 732
444 601
39 141
1340 1439
1393 1426
30 461
49 622
578 685
273 682
1166 1195
1013 1049
1040 1279
949 1130
1013 1370
739 912
133 537
1406 1436
970 1112
1312 1369
1000 1074
809 823
761 1303
1215 1331
530 550
540 1334
1099 1372
375 626
1364 1369
107 1134
1228 1258
1099 1136
538 1365
577 1244
1298 1405
290 488
1354 1430
325 326
763 1168
1046 1310
414 777
1 791
1235 1304
38 1321
378 1344
912 1034
918 1374
1115 1164
1320 1394
1394 1422
601 1011
753 1133
1311 1391
973 1055
1059 1349
1156 1222
510 1135
1285 1365
1293 1314
1356 1425
937 1296
253 1413
616 1363
694 905
560 922
1111 1323
17 793
924 1267
1050 1396
1040 1165
84 1372
559 1409
1400 1405
132 851
256 527
465 651
521 1110
79 139
788 1197
871 1051
262 313
737 1298
969 1016
1184 1399
1240 1351
1227 1405
757 1399
1356 1438
270 604
738 1422
1156 1359
1219 1299
1200 1255
1410 1418
72 406
499 1045
1091 1277
761 840
1368 1434
327 608
998 1344
987 1345
906 1151
246 646
109 622
778 1281
147 223
508 1183
435 1226
934 967
612 1296
944 1377
270 1099
127 1179
577 935
852 1103
418 1246
445 1272
411 786
310 921
61 1335
603 1309
1115 1256
1078 1104
970 1254
537 721
1084 1218
541 554
957 1358
1118 1161
700 1273
27 29
1093 1265
1122 1135
167 1142
815 910
1367 1426
125 235
1274 1387
879 995
1282 1293
452 922
299 496
1257 1326
1363 1427
1065 1362
415 1370
22 1260
508 698
369 1071
1410 1435
979 1167
778 1157
1281 1405
342 1316
164 989
665 980
21 605
206 979
23 1022
556 995
1430 1440
1309 1389
417 1071
76 666
652 1259
750 1023
191 366
758 981
854 920
1036 1236
902 1333
751 776
834 938
998 1337
983 1136
535 1186
173 190
1413 1434
996 1423
278 1211
886 1440
129 170
961 1376
755 985
190 483
1051 1083
33 1253
630 1280
742 1243
781 1435
190 387
1132 1188
79 459
323 1096
1160 1407
518 1122
1378 1420
260 580
1274 1321
757 1352
1415 1435
44 522
1350 1431
1372 1379
480 1096
640 995
418 960
99 1270
500 897
1297 1365
1413 1422
226 949
967 1403
36 307
904 1159
390 1094
261 956
1395 1420
1383 1390
1093 1378
1039 1071
105 1268
1194 1365
782 839
336 1239
129 173
391 630
952 1392
1177 1250
237 967
1017 1078
348 746
899 1349
518 1229
434 1293
648 960
724 906
487 896
902 1035
43 90
141 835
77 87
81 434
778 1069
739 1366
664 987
610 1356
902 1267
1027 1055
884 1115
1357 1437
1247 1406
566 982
174 878
750 1327
220 669
1191 1237
1349 1436
657 832
283 498
1314 1342
177 1141
607 634
28 1284
765 1340
134 664
1023 1409
58 335
606 1024
286 679
1391 1404
851 1187
1122 1338
816 1184
35 1319
454 957
1036 1327
683 1018
879 1312
1305 1397
237 1326
664 1127
1141 1223
930 997
753 1247
1407 1434
147 1294
1342 1369
633 1000
1437 1439
1422 1434
7 1307
1254 1419
555 676
34 984
98 198
185 1062
773 1056
842 1434
1224 1236
1040 1211
9 51
1202 1392
593 986
1433 1440
34 1334
263 968
979 1252
276 1295
261 836
339 570
1434 1436
1075 1232
562 1285
455 1037
147 831
90 157
364 1128
770 797
1227 1291
146 643
257 499
438 842
1279 1328
600 983
254 576
245 569
719 744
858 992
1074 1124
1143 1322
615 709
938 974
909 1165
901 1003
829 1128
8 314
1188 1437
22 730
801 1061
520 524
1383 1414
1221 1345
574 841
1361 1367
201 719
368 1381
736 1427
1237 1344
414 1038
1336 1338
1402 1411
974 1422
65 1089
1417 1433
1122 1165
845 1394
852 1268
700 905
1327 1411
858 1269
1354 1408
1017 1151
583 1186
35 1048
115 644
1344 1419
430 510
868 1368
465 750
1221 1403
35 73
786 1315
402 577
882 1233
982 1103
1404 1414
322 340
388 636
533 913
1197 1324
451 1389
1399 1403
876 1264
846 1242
462 571
934 1337
386 1011
1327 1430
1 597
123 956
511 1243
686 718
1413 1424
215 663
722 1020
75 563
554 939
376 1417
1024 1049
1094 1220
1392 1430
1358 1372
1058 1120
1344 1439
199 339
1351 1360
438 811
408 1369
99 1386
913 1248
177 427
107 169
1398 1402
843 1295
310 894
1168 1395
870 1208
22 562
47 675
345 614
162 1071
540 766
550 1182
119 273
22 1162
405 1275
1414 1440
421 872
512 1188
177 651
358 1236
291 707
1355 1407
85 189
414 618
467 593
344 1434
201 1321
1033 1314
492 648
514 724
753 860
1092 1186
1052 1418
1088 1134
1398 1423
1301 1401
936 1092
345 1220
1247 1387
1103 1247
20 647
598 997
234 552
28 208
597 1047
1426 1429
791 1417
1395 1407
229 245
1109 1394
1164 1366
897 1410
323 831
378 1142
707 1335
457 669
234 890
849 1050
1128 1385
763 1270
329 1077
1287 1328
645 1074
708 1222
74 1017
294 429
112 128
297 1155
427 1114
87 860
1255 1413
23 1221
1299 1390
285 842
795 1276
1415 1433
29 87
616 1385
605 1275
1429 1437
311 475
920 940
315 1109
1233 1368
49 931
726 870
56 317
582 836
412 637
645 982
367 578
736 941
635 1290
1173 1407
805 1070
1093 1369
477 1297
442 600
1314 1398
54 306
1173 1346
1285 1375
1393 1425
102 975
263 1168
154 242
1277 1328
844 1375
395 559
1039 1211
490 1158
351 1210
96 824
1422 1440
267 1154
1201 1359
1304 1331
993 1081
438 581
808 1440
1405 1418
517 1028
214 622
13 809
716 735
339 1401
1036 1256
39 1246
225 689
75 1099
496 733
7 942
959 1064
846 871
905 1020
907 1310
727 811
282 1109
855 1158
44 549
510 859
203 312
927 1019
1014 1263
57 203
1397 1420
330 1220
1376 1402
1143 1201
385 839
117 678
556 1090
601 706
1306 1423
675 892
918 1052
561 745
788 1215
1073 1140
459 562
899 1371
954 1167
864 1109
176 1363
909 1068
1316 1370
859 989
521 1179
640 916
569 619
433 519
1359 1423
207 994
434 620
1029 1032
501 1379
814 925
985 1144
661 1233
1422 1425
183 821
681 1274
607 1147
95 1352
520 1228
825 1414
918 1369
869 1027
1169 1277
677 715
391 966
1089 1299
1362 1407
104 823
1115 1270
785 1368
1389 1402
869 1326
433 860
28 1082
802 887
483 854
922 940
666 1333
1088 1339
701 846
401 903
855 1321
1012 1186
287 901
1096 1314
251 1189
1112 1378
337 1035
972 1197
37 562
7 374
1131 1361
120 526
79 1203
558 1398
1214 1421
478 1041
1083 1394
1340 1386
49 1389
1254 1262
1315 1369
365 440
465 1081
1432 1433
893 1392
609 1375
1037 1329
594 999
390 524
399 816
520 979
784 1015
1153 1248
912 1082
608 1391
617 842
1307 1311
1087 1316
671 1434
19 1135
1348 1364
909 1408
1363 1417
614 1102
1117 1148
33 462
1332 1342
1337 1370
1230 1235
171 791
1216 1283
731 867
430 968
882 1130
1111 1256
626 730
65 1265
569 766
316 613
412 496
492 851
876 1405
1077 1149
1179 1344
517 527
1340 1388
316 1043
152 413
562 953
1221 1362
648 852
718 776
134 1096
721 1307
1310 1407
1387 1408
1161 1337
546 778
4 817
1098 1425
412 976
1221 1274
364 1147
818 1149
1001 1048
335 819
168 981
223 982
1145 1175
514 1064
1391 1435
73 527
1091 1275
424 1261
506 1108
742 837
788 837
1183 1402
1383 1406
1324 1416
207 813
427 1431
256 277
747 1239
186 523
500 910
818 1038
1237 1323
350 1275
113 294
640 938
367 509
131 1073
149 225
1371 1418
1436 1440
1036 1379
116 1145
204 1352
1421 1426
727 1134
1148 1321
1172 1292
5 625
493 1212
827 1342
233 915
192 1383
890 1201
67 70
1053 1341
481 1386
791 1366
138 153
21 43
623 1395
783 1185
361 897
44 88
952 1357
1025 1129
524 955
1230 1294
22 512
639 1243
873 1193
231 979
1412 1422
468 1359
1179 1298
1322 1365
1343 1433
1414 1425
138 549
9 337
122 1095
977 1044
299 1368
972 1269
777 1385
1044 1217
976 993
622 770
592 1096
49 111
855 1079
1367 1384
103 400
274 921
871 1244
295 1056
210 1376
774 1340
1397 1414
574 989
817 1342
83 1173
1159 1426
1180 1372
883 1143
729 1366
1240 1348
580 963
1284 1326
432 708
1382 1393
1214 1220
962 1342
692 862
1307 1434
412 1328
214 841
265 302
1204 1392
897 1060
123 352
254 886
447 653
330 443
1258 1361
699 1003
580 1336
1110 1367
1062 1361
1296 1352
753 1321
860 1271
1015 1134
388 793
728 1321
423 1044
1212 1362
1165 1337
1149 1265
851 856
618 1067
918 1055
947 1355
358 1098
967 1020
1381 1418
728 1354
1178 1289
1157 1333
252 479
517 1046
1089 1134
1329 1425
78 166
1330 1373
194 359
1078 1413
1342 1347
90 1252
352 703
544 816
673 994
169 829
616 1095
76 1326
396 1380
230 1274
931 1345
399 1296
198 855
183 1215
728 1402
503 709
190 1162
1358 1423
899 994
1369 1432
484 758
640 1359
457 1034
440 1304
614 1337
1266 1345
418 1372
498 654
318 864
588 812
1373 1388
447 1399
119 991
984 1236
699 840
1347 1399
472 1323
863 1156
437 1163
1332 1338
1367 1387
1048 1232
155 997
610 730
63 1413
566 1283
644 680
605 1268
60 922
1256 1306
852 860
1084 1342
660 1329
974 1309
1144 1317
251 656
1099 1193
587 1076
269 1111
709 1031
63 1378
382 681
1395 1414
696 1370
1336 1362
505 906
34 165
1309 1409
611 1411
1007 1053
1410 1437
520 1101
1412 1431
1397 1398
187 1286
368 1143
135 636
174 232
908 1000
1205 1369
878 1402
1439 1440
51 1251
334 637
1028 1098
1310 1336
507 887
388 1413
294 1119
254 271
990 1407
313 642
1042 1051
5 1156
1054 1230
1203 1296
216 580
109 159
254 600
1202 1298
28 1192
584 1140
1298 1391
38 205
187 633
963 1336
277 321
440 1130
515 1254
378 504
1049 1283
806 1372
596 1334
584 943
70 376
1143 1272
348 602
978 1381
638 998
703 1333
18 98
1159 1227
1421 1434
1367 1435
1235 1389
291 783
1139 1395
860 1301
1206 1319
366 828
196 1058
808 1330
867 1167
634 1414
1122 1131
736 1207
568 933
713 1288
110 156
1333 1368
72 1271
537 1051
1309 1371
1362 1414
1194 1256
1250 1348
875 1259
829 1104
616 996
1064 1170
738 1194
1055 1431
346 785
1379 1408
801 1426
1215 1286
9 969
239 393
1154 1183
586 666
944 1046
862 1165
905 1242
1065 1219
719 1168
282 644
136 1312
228 1317
228 1342
627 691
1091 1226
195 283
1032 1043
521 1257
201 549
1271 1376
1435 1440
1033 1285
410 655
471 880
491 1070
524 1095
970 984
756 1380
315 499
882 989
342 1356
402 1409
1399 1409
933 1298
1264 1307
855 1065
939 1428
1161 1367
566 1423
1246 1256
1275 1339
528 962
464 1035
1304 1357
985 1316
626 1276
275 1332
701 1140
476 795
1385 1386
775 955
1058 1163
238 412
118 1234
426 1126
1078 1425
939 1090
385 1151
536 1236
211 1195
410 1364
192 212
1188 1330
802 932
718 913
579 768
1134 1379
122 575
1321 1345
1400 1415
141 696
351 506
822 873
597 1106
371 1271
239 421
240 436
453 1176
1362 1427
1135 1148
516 1245
1414 1418
989 1203
119 1194
1371 1431
648 1376
651 697
1003 1192
30 96
1138 1426
775 1184
880 1103
1149 1308
213 1311
371 409
403 641
140 337
1346 1425
58 298
155 848
1257 1379
955 1013
244 1169
129 321
1056 1062
52 1214
332 426
185 962
357 729
1186 1371
757 1165
754 884
366 1215
1036 1207
1252 1435
99 424
82 657
491 1084
1336 1370
1064 1094
1322 1330
295 422
1056 1136
749 1257
766 1275
849 1384
1223 1368
177 962
641 1397
1372 1438
689 903
451 791
1153 1406
1214 1409
155 466
647 1145
800 807
1161 1257
731 1257
1198 1291
234 477
127 1058
682 934
198 1027
154 523
1319 1343
478 1150
613 1324
354 499
561 813
746 919
906 1075
678 893
977 1430
997 1062
1297 1314
553 752
461 852
544 984
113 1054
286 1280
1325 1336
17 258
209 481
208 902
1298 1387
1330 1355
1186 1423
185 822
366 788
1189 1257
1032 1169
663 1391
466 1343
636 886
48 750
675 982
220 532
697 1231
1208 1270
481 696
639 668
752 1068
749 823
535 704
458 530
505 985
750 986
1403 1430
253 1245
213 1268
253 317
1200 1259
207 1189
1242 1326
1185 1343
707 1361
1014 1358
930 1367
753 920
451 477
357 695
1208 1272
519 1014
1252 1418
1184 1300
105 174
312 820
1427 1440
396 417
33 135
169 626
404 558
296 1424
500 1013
449 858
950 1043
1191 1269
311 843
765 1407
1212 1218
867 921
94 815
37 857
1062 1156
1057 1276
741 868
1104 1227
712 999
1132 1253
194 893
2 211
835 1258
761 784
639 1224
1097 1297
1132 1389
1092 1155
199 1143
555 1173
195 247
1406 1421
933 993
933 1102
954 1054
1198 1243
1008 1391
1137 1236
1160 1338
72 1180
553 1230
1039 1432
1068 1175
623 1283
206 473
293 495
967 1151
607 985
72 1280
341 347
867 1127
324 683
649 1074
1007 1030
194 536
601 668
642 954
746 884
789 880
46 1397
17 307
40 936
1006 1222
954 1350
117 696
539 1413
519 1318
1400 1435
1282 1356
584 780
1060 1220
529 845
1174 1251
125 1010
1110 1395
703 1329
1351 1424
735 958
221 928
458 659
509 1008
927 1234
1376 1378
778 960
798 997
362 1242
1265 1429
893 902
216 383
122 566
261 1177
1274 1433
1422 1427
784 991
774 1346
460 683
1401 1419
236 852
863 1200
1187 1345
738 1223
358 1325
1029 1096
396 950
1294 1425
261 882
433 1300
1118 1156
863 883
582 834
1270 1423
34 95
504 547
165 485
1310 1322
589 809
498 1206
506 519
204 1057
217 945
51 1184
631 1225
1315 1339
55 1307
870 1332
210 664
435 739
1075 1197
979 1306
4 185
1200 1420
1018 1290
201 1120
1226 1261
978 1038
1303 1392
497 1344
253 778
263 521
800 1403
364 446
1432 1433
798 1074
591 1111
785 1079
1229 1367
817 846
1196 1214
1096 1224
660 1282
103 1110
1208 1375
385 1357
1199 1215
913 1298
507 606
29 1083
240 408
1400 1434
1421 1435
515 739
22 1091
644 979
925 995
1352 1419
810 912
574 958
1311 1401
786 1053
845 876
1077 1083
1352 1377
186 253
1342 1389
219 631
819 1249
480 607
1190 1281
39 352
224 1071
825 951
803 1234
1047 1392
1054 1241
1372 1391
1125 1138
1037 1101
582 625
972 1005
821 1152
505 989
32 908
1240 1399
530 1173
1375 1406
451 693
37 923
922 1094
652 776
381 1295
664 1334
657 1412
276 303
626 1169
1280 1305
931 1066
823 1328
114 441
545 1104
741 1318
121 833
937 1386
685 1102
850 932
1011 1099
140 1294
1344 1396
829 1410
647 1005
859 1173
1230 1312
699 1085
801 1257
1378 1435
754 1103
381 1409
1058 1287
243 1172
549 1310
582 932
1431 1438
536 760
494 1257
1384 1422
749 1223
280 688
265 1069
1382 1433
405 1062
750 1360
891 1436
1250 1281
1215 1399
174 325
131 254
1012 1037
453 1277
267 1380
88 1245
590 609
908 1024
1405 1423
35 160
1117 1399
1006 1127
1399 1439
132 1223
447 881
722 1438
637 764
53 299
70 1048
883 1071
1024 1323
918 1133
20 196
1136 1265
1089 1289
34 1249
105 145
1353 1371
1330 1409
1029 1045
719 1422
203 864
409 1067
1029 1182
74 1440
756 1086
451 1020
185 768
960 972
665 689
462 717
900 1285
1402 1413
1413 1428
278 503
482 1159
1316 1372
520 594
426 947
290 549
830 1437
537 822
706 880
423 441
1188 1429
838 1328
211 1278
1325 1398
1283 1336
1029 1128
677 992
607 1418
1073 1117
673 1229
1110 1177
448 511
742 1189
354 700
1050 1081
113 413
577 1063
561 1102
1343 1406
388 774
536 1381
765 1018
1399 1402
853 1147
1178 1302
1186 1252
448 891
291 738
142 797
1016 1248
1407 1427
1236 1364
775 1330
1090 1366
709 970
1401 1416
1178 1439
1159 1387
541 1267
1225 1270
708 1056
510 742
850 1084
616 737
813 1235
701 1090
1233 1298
1252 1438
417 1171
588 1069
1293 1427
249 963
362 1170
1096 1135
188 295
248 1073
1194 1195
802 1030
195 891
1281 1411
346 446
640 1017
279 819
1145 1200
893 1151
134 1121
1324 1399
1241 1244
1005 1103
1264 1268
725 985
438 1058
279 1425
1311 1404
706 1381
548 1185
686 1423
1008 1120
1115 1230
852 1431
851 1364
439 454
640 1347
1203 1216
358 1125
954 1430
980 1345
720 849
863 1300
569 1040
437 491
1324 1360
1129 1144
889 1172
120 150
227 392
777 1019
1172 1439
674 1370
1421 1423
706 1091
1039 1065
1409 1429
882 1337
1147 1200
352 1074
1068 1106
343 857
773 821
1382 1397
1174 1213
1203 1412
1097 1304
1227 1260
802 1255
1193 1366
947 1054
277 1031
28 1118
134 1245
1340 1342
662 739
537 1148
1131 1251
837 902
816 896
1117 1253
879 1012
675 1249
1352 1383
470 727
1113 1268
408 1297
671 1285
622 931
403 898
245 752
505 1248
689 784
1312 1433
922 1022
1047 1320
1313 1380
148 814
927 1370
213 629
333 1302
66 568
55 1098
986 1366
496 1309
1302 1356
174 1440
330 348
1072 1381
1108 1410
1375 1436
1238 1323
1230 1238
1272 1308
1049 1085
523 813
1416 1423
1216 1432
192 339
1010 1258
1279 1286
1426 1433
308 971
1327 1380
545 833
198 390
166 1318
614 1157
855 1168
614 674
994 1029
87 1076
710 1348
1423 1432
1392 1417
411 587
907 1308
162 1389
401 1435
148 1243
1320 1338
8 1225
1369 1424
881 935
390 1286
519 1341
93 377
1033 1418
987 1110
1196 1300
918 1307
1089 1341
928 1426
164 521
770 900
1173 1378
272 767
937 1161
547 1004
1071 1244
194 1220
284 500
871 1125
1212 1230
838 943
1085 1363
956 1173
785 877
1018 1073
1039 1129
682 1440
1139 1235
884 1225
741 1122
685 1390
1362 1431
1050 1211
1108 1180
918 1091
1051 1297
612 1338
122 698
681 1010
860 1076
1268 1307
177 1117
1367 1416
640 1327
1282 1395
1273 1400
1431 1439
1216 1353
1038 1196
1099 1119
832 959
770 803
347 391
1151 1220
619 982
934 1349
128 512
1428 1429
560 861
368 752
33 1266
807 860
1378 1392
359 469
201 704
369 988
1215 1273
927 964
823 854
1157 1159
1231 1304
652 697
1381 1393
1036 1332
547 1353
595 799
1165 1416
182 740
79 1342
1088 1103
1345 1354
807 1423
34 579
868 1226
1429 1430
61 1085
755 1026
50 478
1171 1198
1006 1414
166 1114
101 489
794 1104
39 543
225 1156
76 603
253 749
250 1174
1025 1031
941 998
593 1093
472 498
1402 1421
219 1327
1354 1393
380 408
926 1390
190 493
316 525
1365 1371
1324 1430
516 685
1257 1339
460 1084
1309 1414
1429 1433
282 557
866 1220
868 1113
1026 1368
1402 1409
642 1162
355 1132
570 830
422 1191
528 1392
514 663
132 1281
238 836
679 1363
527 762
1343 1430
1367 1410
702 983
377 435
910 1318
252 324
416 1069
1036 1352
262 528
668 1143
1080 1349
211 1004
1216 1221
1372 1428
760 1323
242 941
71 388
1432 1439
1233 1317
932 1315
1195 1433
468 977
1022 1071
1130 1188
875 932
677 1017
1374 1426
526 1400
594 1319
382 1175
1432 1440
211 745
443 1106
58 907
741 1310
160 492
427 1136
1187 1240
656 1225
221 494
862 1403
417 1020
860 1090
1036 1130
880 1379
322 769
431 841
1418 1422
1178 1435
865 1100
811 1409
887 1067
936 1041
339 829
21 264
1360 1369
1286 1428
857 1413
339 1418
934 1143
420 1205
203 551
650 1170
82 94
780 862
1070 1367
1203 1212
131 200
940 1435
184 1332
57 66
743 1226
319 639
948 1192
678 1278
1205 1404
1007 1372
280 1318
408 989
1247 1363
519 852
343 945
330 421
1382 1390
330 971
372 1395
504 584
1390 1430
681 1272
455 1332
47 542
177 1125
24 1387
987 1388
710 758
72 1042
202 727
929 1146
185 975
1431 1440
345 1396
524 982
512 996
859 1010
814 967
81 675
1409 1413
1214 1229
69 998
1343 1375
720 1148
1347 1350
1338 1409
1143 1205
1290 1429
1336 1354
666 1365
713 912
1291 1409
1260 1403
21 1399
953 1402
697 1328
442 554
255 532
494 1401
487 714
255 1328
463 1402
183 543
1192 1213
741 1187
70 169
668 1343
1369 1430
621 1175
437 1128
932 1378
1240 1375
1010 1391
736 774
538 947
412 727
598 1060
1254 1344
399 449
45 53
1022 1138
765 1303
16 1021
402 926
108 665
1286 1410
1156 1200
346 1005
193 1402
1175 1376
920 1129
26 1005
255 839
1254 1302
1269 1391
428 557
459 494
1181 1256
1020 1402
25 1258
1436 1439
1295 1341
826 1430
1423 1426
673 1016
1410 1412
421 1333
1334 1432
1195 1206
972 1244
510 1329
286 347
1007 1233
1217 1378
1125 1386
693 1185
438 639
991 1337
675 1188
1288 1428
713 1372
138 1008
1038 1326
339 757
762 1415
128 1327
1194 1374
1388 1389
209 591
1417 1425
367 574
837 1283
673 1024
1345 1354
328 1269
514 1024
77 1319
1169 1261
135 676
58 104
48 444
813 1078
270 1009
90 431
303 617
1330 1425
1276 1286
1244 1351
924 974
328 718
595 644
299 1342
250 1153
494 649
1438 1440
959 1212
1026 1144
1343 1415
292 1173
556 1214
413 1019
129 409
1232 1285
1244 1437
1073 1399
726 1122
1292 1344
1264 1422
516 1326
1329 1350
295 706
664 668
1180 1414
1352 1405
364 970
270 704
871 1091
62 1392
1177 1251
1419 1430
784 1283
1260 1427
435 521
469 1423
24 758
1282 1318
1060 1099
1287 1311
347 866
1222 1264
660 1041
1146 1357
448 1119
775 1165
795 899
276 501
1042 1131
560 649
856 1360
959 1291
1167 1405
1159 1311
1241 1410
1110 1155
131 169
252 1263
825 1318
1308 1432
404 974
97 195
564 1038
212 908
719 1413
363 949
257 638
692 814
752 842
115 216
773 1373
88 915
443 874
1174 1412
87 470
93 1132
858 889
1411 1419
182 597
302 1278
924 946
308 355
1155 1280
1266 1399
904 914
1256 1345
260 1405
799 1362
351 1199
728 1299
753 979
162 1311
308 1234
513 880
771 1128
868 1024
891 1428
2 815
963 1300
148 955
1327 1377
195 452
222 630
1410 1429
34 1335
807 854
1326 1340
70 203
885 959
164 430
1324 1372
1429 1435
544 653
1321 1432
149 899
1058 1428
931 1362
38 304
861 1400
590 595
151 529
498 1406
23 1206
1367 1440
1252 1428
693 938
1163 1330
314 969
1079 1346
1248 1325
1343 1423
1353 1415
47 360
1308 1371
935 954
774 1006
665 787
549 879
1118 1420
890 1209
494 1341
122 328
331 842
173 1338
699 844
458 545
1426 1437
821 1395
799 1235
34 1357
501 652
576 876
1343 1363
178 920
1016 1196
278 797
917 1404
1207 1390
183 838
116 1127
1254 1403
554 605
1077 1362
5 1155
321 617
612 1077
1433 1439
27 1418
600 1092
966 1181
1060 1127
546 727
934 1130
1004 1343
329 436
754 1306
1060 1346
1065 1205
1428 1439
804 1105
1202 1426
339 726
1288 1297
1387 1399
533 1127
12 1373
106 136
1288 1382
1162 1200
1204 1221
1109 1300
1015 1194
459 515
25 1063
632 1365
750 786
360 388
1098 1262
171 429
915 1078
1263 1403
228 598
241 254
300 851
678 1082
804 1157
1052 1261
1179 1440
704 908
121 412
1439 1440
1084 1154
896 1200
1311 1316
417 650
457 621
42 829
423 554
963 1302
1096 1183
411 965
1350 1416
108 1349
990 1072
772 1241
834 1171
1267 1384
777 1221
107 210
1269 1413
127 881
795 1082
1089 1149
312 1321
67 1197
187 1226
247 740
1410 1437
1357 1379
591 980
202 447
1172 1251
1010 1324
702 944
214 941
320 981
112 1203
671 1346
1292 1427
153 219
842 1122
98 971
356 900
659 1064
599 1054
1061 1372
741 810
910 1116
323 502
612 1288
405 484
1358 1422
6 1272
1104 1121
788 1015
659 1403
1043 1282
457 614
1328 1389
9 711
154 1424
1163 1366
1248 1435
238 843
743 1191
1043 1412
321 1320
1436 1438
657 1020
739 1190
994 1323
726 1136
280 1280
926 1192
1049 1112
722 947
1208 1412
1148 1246
326 1326
373 693
424 625
907 1210
33 1304
481 777
950 1298
713 1344
763 897
942 1263
645 822
841 1185
1381 1402
109 911
355 894
759 1137
759 1417
126 670
1242 1400
643 1239
1072 1274
1125 1344
1397 1412
717 1139
148 684
1359 1414
206 403
1221 1361
370 1214
914 1134
847 1287
904 1061
576 809
678 1172
199 1141
1137 1280
1360 1374
428 622
885 1020
614 685
478 1300
202 860
99 332
589 1430
1323 1382
251 1094
151 268
568 1161
994 1135
463 1389
676 732
1004 1214
293 925
1196 1347
1043 1361
348 1103
1220 1239
849 1371
1319 1371
63 1037
110 864
1358 1426
198 929
238 600
474 1364
28 157
1207 1415
809 1395
1430 1440
767 990
244 807
1285 1400
455 1343
294 770
793 1367
341 819
15 1311
450 639
354 1282
394 403
525 726
760 1021
883 919
870 1274
1401 1433
83 859
322 401
50 1354
306 1289
55 172
285 907
459 849
845 965
718 1406
740 1400
221 1380
128 1397
1403 1427
260 1066
818 1432
182 1145
971 1226
298 519
480 904
467 688
1120 1320
82 486
971 1105
296 436
459 981
1172 1210
456 642
993 1266
1212 1228
428 489
1044 1276
1324 1353
1264 1408
893 1288
1254 1439
363 854
1092 1118
400 1324
153 1114
1059 1324
802 942
1251 1413
377 935
548 1352
423 1352
195 1140
1104 1376
433 1221
127 384
919 1088
651 1015
1185 1246
394 442
868 1069
988 1125
1270 1296
1401 1425
1330 1368
603 1242
103 1052
1159 1263
106 458
161 1057
1053 1176
768 833
785 886
301 1179
1404 1421
318 837
254 1026
133 417
439 1154
268 675
720 1137
65 329
1009 1292
477 1098
715 851
978 1331
1274 1367
1093 1130
139 247
801 822
589 1263
547 745
1181 1363
432 910
1151 1317
906 1214
1183 1244
323 1094
1076 1150
956 1376
1194 1256
705 1081
964 1128
207 1434
585 792
1140 1420
1098 1182
106 1417
748 1417
725 1244
99 891
1091 1098
423 568
1020 1363
578 633
401 1393
436 1269
621 1011
402 601
1081 1360
1223 1322
194 348
780 1235
111 1119
1331 1417
800 1295
606 1191
1003 1029
331 991
924 1108
417 967
863 1383
813 1332
1312 1371
1337 1395
214 764
1088 1375
1107 1437
669 1348
1041 1166
1219 1348
543 1065
1141 1318
766 1069
559 1209
36 712
709 754
1281 1315
242 732
1083 1375
474 1057
585 752
1186 1322
333 1345
855 900
964 1327
1362 1428
259 380
1278 1311
1367 1427
603 1294
1423 1439
1401 1417
1091 1367
542 1386
858 1359
1014 1275
64 1262
896 1141
263 915
1162 1186
641 811
947 1006
778 1355
934 1006
940 1152
309 1022
14 1375
676 1186
369 820
787 1214
1316 1324
535 1037
1400 1412
1364 1382
1100 1404
1193 1409
1321 1397
1185 1217
628 1259
287 1294
897 1264
305 345
1013 1312
49 811
605 1338
775 803
287 1133
213 371
81 1150
1422 1431
1128 1369
197 658
789 1095
294 1302
222 848
880 1362
1106 1286
1400 1419
645 1396
1146 1208
118 921
1025 1267
200 913
732 959
82 1135
664 668
720 1014
166 183
1034 1058
182 484
994 1199
224 491
74 186
166 511
1329 1430
807 1287
30 786
1049 1353
1279 1423
418 1273
608 849
846 1296
752 1205
782 1018
234 304
1358 1402
1016 1158
1213 1375
872 874
690 946
478 1390
648 1277
8 23
437 578
434 828
1426 1440
896 1133
649 957
1179 1229
245 1426
1184 1371
730 1061
1310 1417
831 1195
955 1298
873 1321
988 1139
1316 1436
424 830
1392 1418
1143 1374
1174 1198
1030 1061
433 611
1292 1325
59 498
418 1160
884 1095
1298 1342
589 1220
918 1261
277 314
1360 1377
1411 1427
837 1256
8 625
427 1341
52 462
249 1097
917 939
942 1335
317 1042
1329 1366
520 1166
447 1011
1289 1347
386 943
1418 1434
61 381
998 1124
295 1369
386 1091
981 1191
366 1423
1190 1289
1027 1405
902 1403
753 899
932 1080
115 1147
748 1284
710 730
1345 1353
44 759
1067 1142
310 1384
166 1158
210 981
1140 1142
773 1350
1118 1213
33 862
1261 1272
1403 1408
811 1033
434 923
836 1103
1040 1103
1434 1436
579 1413
990 1070
1094 1359
519 1080
1100 1199
1130 1149
758 843
1141 1169
1072 1197
374 714
1319 1414
1335 1420
1428 1439
802 1084
574 898
741 1207
133 814
1077 1278
63 854
672 1416
1362 1423
893 1403
1269 1328
473 1077
661 1210
94 513
1360 1403
976 1016
1382 1393
540 873
1262 1319
384 992
1380 1429
1348 1354
1138 1274
677 1294
843 1153
497 713
1229 1265
722 1163
1270 1311
86 447
894 1153
1388 1436
1041 1221
139 1017
1419 1429
518 720
877 895
596 1145
600 838
910 1326
214 603
950 1253
1119 1305
1429 1433
158 943
95 451
419 1402
895 1157
4 470
1404 1419
248 1231
1316 1416
186 887
52 899
749 775
288 632
1273 1436
519 1099
844 1135
989 1247
654 1357
1312 1386
701 1333
506 1355
354 690
513 1273
1387 1395
26 1199
1427 1428
740 1063
1219 1377
853 1020
1233 1238
22 245
206 1401
87 881
781 928
1066 1350
1068 1310
1186 1435
1268 1311
1167 1192
998 1160
30 512
119 401
950 1344
1425 1434
352 1201
697 1352
416 866
698 1077
298 766
1077 1401
1028 1434
1185 1435
1325 1335
378 1146
531 943
1150 1363
304 954
1431 1439
507 1089
578 936
1240 1365
411 481
501 771
98 967
560 1157
1205 1322
57 725
352 496
1106 1398
261 431
1075 1340
1419 1433
181 1204
250 948
1408 1426
1001 1229
1435 1439
670 1438
1015 1415
105 133
809 1104
1162 1190
640 956
1407 1431
1172 1261
267 348
1372 1385
865 1206
922 1169
498 1348
272 1137
613 1305
454 1366
995 1326
858 1265
422 576
840 1317
933 965
516 534
1108 1307
858 1297
502 1225
1099 1120
73 1440
617 794
11 854
955 1288
134 200
1143 1310
989 1046
1205 1426
442 1190
1259 1278
763 1111
823 831
341 1245
390 419
541 1309
1113 1248
623 985
639 1393
246 956
969 1374
660 796
649 1031
1234 1392
1016 1125
116 1308
1141 1428
1368 1370
30 474
472 1129
756 1412
1062 1378
482 496
458 488
1141 1193
825 1175
420 798
1225 1311
72 382
1397 1426
711 1064
1397 1429
330 1194
484 1226
1439 1440
45 716
272 622
1304 1434
983 1255
194 655
128 271
484 1102
344 1411
272 1317
181 953
957 1238
958 1160
147 714
724 816
464 873
940 1311
472 764
549 825
307 313
550 999
341 631
417 691
290 1358
366 1112
191 1212
76 839
752 1047
343 1285
191 871
427 816
646 1404
505 966
1029 1397
386 510
788 901
1160 1253
1339 1389
346 1267
529 847
48 1049
1094 1182
138 556
1117 1188
541 1059
586 947
1405 1412
731 960
1393 1404
1177 1324
1208 1342
1104 1280
240 945
176 461
811 812
368 1195
726 1013
1336 1373
567 1052
840 1440
841 1316
956 1359
315 1197
1182 1376
340 741
206 790
321 1412
658 685
1007 1144
303 579
229 268
137 215
982 1116
553 1194
202 208
945 970
1011 1365
1200 1227
587 724
700 1301
1064 1294
898 1331
12 334
1158 1308
904 1157
272 294
727 851
1237 1378
1305 1419
844 1393
330 818
640 1014
720 878
846 1374
617 776
327 1078
1217 1331
1351 1396
975 1350
204 246
505 1234
1344 1388
1182 1319
192 1052
377 630
289 1128
863 1373
296 1024
102 357
1098 1426
1340 1394
525 1100
662 1004
320 912
407 623
744 954
720 839
1368 1419
17 1336
1173 1228
10 1330
196 538
1375 1432
722 1339
1293 1296
500 502
1199 1238
1138 1184
828 1130
1282 1404
188 1336
281 1083
54 166
424 977
173 322
250 1246
1158 1396
1099 1117
547 652
330 1174
310 333
776 994
1157 1223
690 1316
121 195
908 1125
850 1339
81 1377
172 752
810 1387
361 1259
1173 1277
831 1283
1427 1430
1389 1435
439 467
492 1368
465 476
368 1429
377 987
645 1018
1157 1251
1429 1431
64 702
689 1038
1220 1421
987 1180
825 1334
389 907
487 954
629 784
479 1324
1425 1433
91 383
61 830
515 921
1140 1180
787 1433
1312 1373
714 1045
2 864
302 1309
1047 1074
168 1087
1186 1384
1235 1252
523 1102
853 1359
883 1313
1177 1371
907 1240
1320 1417
830 1194
988 1047
1292 1358
378 392
1233 1248
417 1287
1344 1381
798 1137
1419 1421
80 1165
955 1412
116 999
350 768
100 404
936 993
381 846
698 1010
1402 1434
1419 1421
819 889
238 499
1195 1317
389 930
228 1015
736 1189
1133 1244
727 1297
615 754
443 613
736 851
851 973
682 1358
901 1117
169 238
1126 1257
35 907
872 1319
259 1323
881 990
1037 1052
811 1089
511 737
1100 1110
117 1328
424 1338
1309 1344
777 930
22 276
356 792
393 1070
1382 1414
515 1125
98 190
750 1310
760 1174
156 784
501 968
1001 1258
1327 1426
599 714
1362 1377
855 1115
1321 1332
565 608
684 727
1065 1245
633 795
828 1135
765 1109
35 558
901 1114
318 319
915 1120
340 891
696 806
85 992
709 811
959 1344
696 1360
29 852
1246 1288
1421 1431
877 1134
1378 1379
412 710
1356 1440
830 1199
10 1150
1083 1295
701 780
1082 1233
1003 1042
1103 1312
1027 1129
981 1422
836 1010
203 1256
599 664
261 424
1185 1266
1223 1352
1187 1371
286 763
1337 1349
1130 1262
762 1440
997 1350
602 621
1224 1381
277 1079
33 1189
526 605
1039 1046
1150 1222
93 991
76 1035
94 1344
869 1324
677 766
1382 1384
1135 1230
160 217
759 1122
720 1397
1411 1412
308 931
240 328
1411 1422
473 1140
670 773
326 755
120 1021
842 1317
1234 1345
1 521
950 1399
938 1171
1422 1432
1127 1321
78 1368
797 1167
985 1407
537 915
197 565
177 713
37 824
392 994
63 361
1289 1389
1129 1399
222 379
639 823
1109 1356
204 407
688 1149
652 1313
1402 1428
1121 1204
1219 1346
829 937
1250 1322
1300 1309
305 1140
1233 1414
1362 1385
249 447
1406 1412
1086 1104
655 903
649 1213
53 441
1051 1063
510 655
99 338
600 886
1380 1407
956 1334
694 986
498 836
134 1382
1274 1421
531 1358
627 1098
1189 1363
943 1078
511 532
740 823
809 828
952 1332
389 656
327 1224
194 814
969 978
629 824
1389 1438
986 1195
980 1241
536 1183
906 1285
62 635
167 869
1373 1385
648 941
309 1349
809 1351
963 1093
590 1256
571 950
437 714
1020 1434
169 172
1096 1197
1431 1436
1167 1280
651 1287
293 1244
357 1370
226 551
476 883
1179 1198
521 1267
211 292
130 649
412 829
1334 1366
818 1363
1408 1433
526 921
15 1368
583 952
356 1079
1415 1426
1289 1334
763 1094
917 1328
757 1277
404 1202
292 575
1352 1398
539 895
539 573
713 940
1147 1313
1426 1431
1080 1339
1274 1305
256 605
809 856
471 1371
1025 1201
710 747
932 1076
362 864
717 1070
116 225
314 671
889 959
215 505
317 1084
259 352
594 1327
279 439
98 250
295 1301
492 1076
972 1333
315 611
116 574
1178 1256
960 1254
854 1160
146 526
865 1080
573 877
5 829
1251 1397
196 629
1099 1137
752 1345
1145 1220
372 1318
1064 1157
120 1159
239 487
442 653
112 416
1039 1081
701 1304
601 1155
226 495
432 583
1355 1436
1411 1440
1222 1369
686 1177
169 1404
1178 1272
271 476
157 661
1103 1230
831 928
343 451
816 1091
420 1434
329 1350
1359 1418
626 1268
1284 1310
653 898
418 1265
161 1200
640 806
941 986
1342 1393
689 692
339 1197
319 826
41 848
809 974
632 1099
594 1391
168 183
1114 1277
125 1414
715 1142
1260 1360
21 1290
1248 1284
670 1070
477 629
943 1068
1404 1409
1332 1364
390 1071
859 1176
469 1049
225 1327
1194 1378
369 838
769 1004
691 733
283 713
1080 1358
813 1087
500 870
936 1144
1328 1362
168 1130
374 846
65 744
286 517
1081 1335
293 1013
23 390
1261 1325
918 1339
880 1382
893 1429
201 808
330 1434
1372 1392
1406 1428
1141 1183
1247 1285
13 49
797 1415
952 1401
963 1428
402 667
1153 1385
1134 1240
1106 1134
1253 1435
1100 1164
161 1274
1092 1355
881 984
514 1176
856 898
328 1161
1082 1339
444 1348
496 1016
557 700
617 1364
315 462
283 559
918 1077
875 1131
524 882
103 1208
1068 1307
1244 1260
1428 1436
957 1036
301 1154
1212 1217
588 1053
1355 1372
566 610
10 1040
785 918
56 1237
1308 1432
1325 1360
323 517
213 399
577 653
140 780
1156 1232
1369 1397
1188 1257
681 1169
731 885
112 252
1024 1362
300 546
620 693
1265 1357
371 1070
909 1346
1413 1433
1212 1289
391 553
381 1086
476 1172
1044 1091
975 1402
690 1361
856 993
816 911
806 1105
1173 1431
52 897
954 1213
169 962
296 972
1368 1434
1116 1372
634 926
1093 1286
617 1332
242 502
554 1170
1186 1209
1110 1111
1153 1174
1313 1404
1419 1439
395 1212
887 1199
105 1376
1111 1391
382 591
321 1199
327 480
709 795
52 1036
51 1222
939 1355
1416 1433
913 1374
48 1165
690 921
594 625
77 841
1347 1393
929 951
1154 1189
358 560
1393 1418
574 1322
718 1155
533 1358
1288 1421
1143 1246
60 472
761 822
1319 1387
225 1437
800 1341
1370 1422
714 1266
411 437
701 892
260 851
227 1240
999 1049
1314 1421
62 1071
430 1300
997 1072
769 851
1169 1363
666 1036
626 765
491 554
521 630
1087 1372
693 972
1032 1267
997 1363
824 1211
1108 1266
870 1423
344 608
179 723
1186 1360
1089 1399
481 1373
1 253
958 1367
701 870
884 1290
73 1228
652 680
1164 1215
639 1144
704 1069
251 757
277 446
388 643
189 385
150 536
846 1199
1352 1375
526 695
511 738
311 715
352 729
437 938
603 799
107 1105
175 1024
1379 1430
1099 1204
939 1381
539 835
979 1433
1282 1346
435 572
1334 1373
631 1414
257 1331
1403 1405
207 1372
367 1069
82 223
420 663
131 1226
676 1322
251 1208
932 1164
213 913
1317 1416
840 1189
83 1198
137 544
1023 1195
71 1042
1439 1440
366 385
15 323
113 504
1007 1249
485 551
1418 1423
47 178
1025 1147
902 926
523 1358
1319 1382
1050 1416
818 821
940 1184
1063 1158
330 610
1331 1416
333 1260
104 639
691 895
1275 1346
644 1376
101 569
360 934
1388 1416
1382 1413
1056 1356
378 819
50 720
1218 1258
1010 1313
12 433
841 1240
743 1363
961 1122
1090 1390
1023 1149
1366 1388
671 1215
850 1079
821 1071
9 650
208 461
401 906
871 1313
567 967
727 1241
1133 1405
375 413
1014 1141
1350 1370
960 1201
20 1199
895 1013
243 570
580 664
759 1057
1420 1421
990 1122
473 523
1227 1381
660 920
776 886
1032 1234
53 752
1246 1253
974 1233
664 858
130 465
807 969
1312 1413
166 350
289 762
1425 1436
202 680
62 1180
1152 1378
1228 1395
442 1105
43 694
462 819
1112 1219
323 976
1423 1431
911 1140
1398 1399
383 770
1374 1430
720 990
223 1388
161 1277
939 1409
1337 1354
194 527
1363 1382
1133 1277
389 978
634 895
101 901
432 629
163 435
228 1239
1132 1419
1116 1366
1187 1285
712 743
609 1378
784 1353
1251 1355
1136 1219
562 736
1253 1400
214 334
869 1426
55 596
1376 1410
1110 1149
1021 1424
1129 1403
529 1287
955 1035
588 1398
123 430
361 562
1029 1145
35 856
563 1240
1329 1394
906 1058
464 1018
887 930
1269 1351
704 1424
764 877
403 1054
225 646
217 979
983 1129
549 649
132 404
859 1369
349 1401
1175 1408
1271 1282
1374 1390
1095 1350
218 926
1122 1387
1322 1350
155 991
883 1358
611 1409
366 984
1389 1392
1418 1428
1147 1310
1427 1432
1320 1407
133 193
1140 1156
1326 1328
796 1281
404 699
330 882
529 624
734 1402
676 1318
1224 1357
1361 1374
219 761
429 939
86 322
1294 1427
772 1071
249 798
51 317
1381 1421
190 201
636 1361
271 1023
582 1420
97 769
1077 1145
1190 1246
1370 1388
323 1085
955 1324
968 1198
1080 1129
1273 1381
1062 1182
1115 1372
452 1078
1388 1434
1134 1415
915 1383
1205 1383
630 1427
800 858
239 1371
1405 1423
517 763
94 611
227 232
230 262
1071 1423
292 561
1264 1413
476 1163
781 876
253 1384
331 1264
1207 1266
90 1321
1305 1373
807 1435
788 1354
948 1352
1371 1428
1401 1421
796 1388
949 1032
1276 1420
221 571
281 1054
316 1256
1176 1192
89 952
204 576
28 337
1154 1309
498 614
499 848
23 654
951 1155
633 1002
384 389
1368 1381
559 902
497 1145
1256 1402
225 535
901 1343
31 728
708 1390
756 848
1191 1341
1237 1429
836 1089
474 527
532 1368
196 1233
543 909
857 1403
291 810
768 1259
1414 1419
92 319
1114 1303
183 1098
1217 1399
936 1086
465 785
1270 1412
313 535
722 1118
201 1229
834 1402
232 656
514 1103
1418 1420
800 1179
635 913
696 1298
1167 1326
424 491
441 1003
31 508
982 1395
1351 1437
361 712
244 977
1421 1425
1224 1437
37 369
670 883
794 1026
887 1051
435 924
503 1119
373 1319
445 1300
914 1142
1262 1377
502 841
635 1285
262 506
895 1149
203 458
985 1213
238 1222
388 1281
321 1026
254 726
1213 1285
547 580
1101 1380
474 1358
908 1320
990 1361
311 1226
1007 1113
1098 1185
362 421
353 1273
595 1359
696 1339
1201 1330
955 1207
969 1174
1096 1252
1328 1400
1020 1380
888 970
1081 1308
866 1302
586 1309
1163 1271
144 1255
367 1030
119 496
653 1296
738 1391
761 1238
263 1060
247 1094
944 1001
765 986
399 1293
1021 1225
1281 1414
1336 1373
42 143
876 1003
608 1209
1211 1341
514 1111
1033 1201
798 1260
342 1162
534 1088
1439 1440
284 883
1130 1276
1352 1372
47 91
376 556
1422 1436
318 997
1347 1395
467 906
846 994
1080 1275
151 786
598 903
578 1404
817 1231
1175 1288
1018 1159
827 1384
1079 1106
479 991
947 1092
1148 1165
263 620
982 1340
481 1295
675 789
887 924
485 921
1424 1427
459 821
1229 1412
1128 1287
871 976
423 525
1414 1435
451 1071
891 1160
1043 1060
684 1289
1180 1263
1403 1431
495 796
370 973
204 297
64 201
1083 1299
100 346
1409 1432
329 542
166 921
1421 1428
873 1376
438 1362
1379 1426
1118 1257
157 521
1188 1286
313 350
853 942
576 1260
666 736
204 1249
265 450
1297 1406
962 1433
931 1264
180 681
797 1360
753 1138
1196 1352
903 1287
1173 1174
1237 1344
209 540
400 1198
716 1294
323 871
800 945
395 978
906 1281
1156 1204
1148 1395
307 325
1368 1440
132 1288
501 1438
840 1305
1293 1376
504 821
562 1361
684 957
392 1164
801 1154
145 1242
718 1187
1203 1236
87 815
744 1076
583 1029
860 1240
1087 1438
1042 1369
478 1031
474 491
1335 1428
245 1335
1251 1426
1336 1395
1285 1353
895 1040
792 973
338 597
841 938
548 696
1275 1349
1299 1356
323 1147
1167 1259
1379 1429
459 1306
834 988
647 1387
688 973
901 948
539 643
1065 1327
470 732
293 656
1427 1428
1436 1439
1174 1205
1250 1437
1180 1231
270 383
1187 1276
403 452
1277 1366
1209 1266
315 895
95 214
1394 1420
783 1360
260 1324
1395 1397
807 1416
780 878
415 438
1319 1340
254 1269
1006 1110
131 1250
581 591
786 1286
1148 1272
676 836
587 1212
1153 1419
957 976
1134 1319
1208 1425
745 1030
33 514
562 699
1098 1334
693 772
164 1113
1029 1181
955 1193
303 982
396 528
34 1335
20 629
1228 1361
845 1015
1214 1409
128 469
1183 1186
368 1145
440 583
1322 1351
153 1019
842 1329
448 963
627 1283
126 827
1253 1412
623 1440
954 1394
555 1427
140 580
912 1247
381 866
1197 1260
814 1146
635 1164
340 1440
354 617
473 922
651 779
417 941
1409 1438
803 1284
1062 1080
93 117
719 1251
1184 1338
175 1093
46 1108
213 1265
156 1085
1162 1228
554 1124
561 1158
1042 1102
466 835
783 1254
1038 1199
827 882
1249 1433
1267 1275
223 1155
1042 1087
1229 1272
93 664
1135 1369
300 1034
1417 1433
562 595
298 404
908 1335
263 1361
629 674
86 802
567 702
902 1269
1012 1080
986 1409
946 1186
808 1185
21 490
436 638
502 591
942 1375
522 894
1230 1435
1280 1347
79 810
296 1040
1171 1396
765 1378
1353 1434
700 1058
988 1007
291 1249
965 1405
242 261
48 727
552 681
771 1051
751 1091
85 970
569 1147
500 663
205 1040
93 521
342 668
1379 1433
638 1088
774 1328
456 480
148 666
809 1290
151 470
245 1132
769 1369
861 1271
351 785
593 664
549 1420
1012 1332
325 554
1387 1416
234 1425
478 634
146 835
570 1207
1149 1253
606 678
30 448
664 944
136 257
181 1297
1307 1353
937 1003
585 1302
972 1064
1199 1236
389 1362
518 614
894 1226
862 1037
834 958
1425 1426
144 1145
611 907
1071 1184
1054 1145
1111 1315
112 376
1109 1333
727 1434
1050 1370
237 908
427 747
639 1113
1288 1380
444 1114
1406 1409
215 476
411 809
764 974
487 947
443 1162
913 1325
88 1143
828 1276
1102 1346
1029 1067
277 727
1206 1254
855 1398
1164 1233
301 1290
204 752
1232 1253
951 962
230 1422
670 1073
150 1258
1249 1351
972 1249
1373 1381
89 724
381 404
736 1229
204 544
1110 1411
822 1439
612 678
379 1269
65 1099
628 764
1117 1413
1436 1437
273 887
280 403
1361 1421
280 724
317 1145
1236 1269
549 674
106 749
1393 1400
313 419
1296 1317
727 1279
586 924
1045 1349
97 184
1025 1438
1403 1431
119 766
1117 1286
193 1130
424 1341
1039 1225
1259 1368
779 1159
1162 1395
93 140
825 828
68 1389
455 756
438 742
618 676
874 1078
784 869
555 644
1337 1418
880 1163
797 864
280 1171
31 978
948 1205
52 1002
252 1008
829 1099
1370 1396
1086 1271
1029 1354
647 756
540 1198
1395 1412
592 755
41 424
728 934
530 1285
309 314
871 1317
1242 1314
839 1122
991 1205
909 1414
366 1399
1365 1410
1302 1399
865 1197
568 654
1422 1423
1279 1294
914 1422
891 907
1251 1431
564 1053
1145 1368
162 1337
977 1426
216 897
1362 1431
1029 1388
138 1235
391 486
1330 1387
1255 1316
987 1324
830 1010
1222 1306
1198 1307
160 1427
64 1008
1402 1435
1163 1260
22 997
621 819
754 1404
131 1176
276 307
1241 1381
781 1384
575 1206
1226 1262
1222 1225
161 743
101 934
143 359
355 1054
782 1071
758 979
67 364
286 668
867 1167
58 1245
769 847
560 1437
81 571
281 717
7 122
810 1119
1289 1335
1057 1334
834 839
752 943
251 497
1408 1418
266 323
1290 1306
257 917
1213 1350
1013 1115
904 1056
1373 1421
798 1257
356 502
217 1318
839 870
943 1116
900 1404
1198 1384
646 948
1396 1439
1013 1040
103 1268
977 1286
231 847
167 1025
385 518
246 1073
1084 1291
428 631
977 1230
343 596
308 484
97 360
929 1055
582 1090
499 700
312 570
1286 1333
1405 1429
1253 1314
856 1308
180 1253
864 1047
1424 1434
141 1159
308 990
731 915
246 1143
343 1025
1361 1424
1064 1140
583 1416
191 948
728 1252
335 1201
1335 1406
1278 1283
804 1435
511 871
1171 1286
558 613
819 1232
225 783
111 565
43 1113
1141 1412
867 1372
567 1079
1296 1311
1107 1318
258 979
736 1416
793 1276
1232 1321
438 949
966 1255
1021 1237
49 1288
622 1112
954 1330
1125 1134
615 1097
1252 1326
1170 1189
391 1316
94 491
654 1236
1421 1433
708 802
1210 1341
1171 1204
548 1302
1340 1401
749 1219
1052 1233
796 1313
496 1391
1295 1347
1402 1422
881 1241
1312 1352
1429 1438
1363 1407
698 1400
659 745
352 932
358 399
730 1404
1021 1401
116 1052
118 1111
644 1112
1371 1422
590 1315
733 867
258 741
343 791
1102 1214
4 57
521 1367
800 1425
626 1305
591 1180
211 843
1101 1432
317 419
438 1098
128 981
872 900
1076 1424
624 1095
792 1054
1423 1424
680 1103
345 801
3 722
131 665
1274 1401
875 1254
1157 1296
527 907
174 777
1228 1265
1378 1392
1109 1394
1053 1082
800 1229
703 943
106 248
585 1344
346 1336
478 757
378 1162
1173 1429
310 713
881 1438
87 1078
1411 1429
497 983
879 913
292 293
501 685
1127 1193
1077 1264
1115 1330
1353 1374
184 944
61 1252
1410 1426
58 199
794 982
305 338
1435 1439
554 1030
611 781
1294 1418
1116 1194
715 1429
1047 1302
465 587
124 239
1141 1262
933 937
1259 1275
1171 1417
613 1131
1361 1376
1299 1409
172 514
1338 1395
129 993
567 623
431 1242
1220 1260
743 1096
455 972
120 301
300 889
1248 1337
707 1179
86 315
78 170
943 1056
1071 1194
506 594
749 1037
738 1433
1185 1372
927 1015
777 1412
221 569
34 1151
485 1000
192 1179
805 1006
690 1218
181 1436
672 1221
1357 1375
319 1037
766 1136
342 1040
830 1243
1247 1275
410 987
360 474
623 720
940 1187
100 690
841 899
811 836
371 415
1253 1281
1345 1383
216 1037
328 1131
1232 1234
41 222
575 1111
426 750
1137 1296
586 935
664 869
975 1114
1243 1276
215 1028
1255 1398
41 1432
1383 1407
1170 1324
56 1197
10 1258
1263 1335
130 611
328 1337
510 763
756 810
1377 1398
871 993
319 1326
866 1184
79 1345
1030 1255
113 263
143 332
1046 1339
391 661
699 1162
1127 1130
861 1142
493 1129
1196 1376
537 978
495 763
1209 1373
641 1205
414 1271
111 1054
303 572
14 1422
546 1300
19 1389
236 681
1193 1338
1369 1410
913 1432
611 1173
64 349
269 426
1226 1258
1114 1345
35 626
368 567
720 857
1065 1286
654 744
903 1119
385 1202
1292 1410
784 1270
1022 1318
1114 1137
64 293
1035 1268
1404 1405
163 1072
1354 1431
556 567
1143 1383
463 1155
1364 1412
477 1159
969 1025
1258 1313
981 1191
49 649
1233 1400
921 1015
402 733
640 1048
307 1309
1115 1356
1369 1432
309 1395
291 597
500 596
776 1291
1415 1429
1408 1418
729 1063
1199 1211
270 1144
1379 1400
966 999
1401 1413
841 1379
277 988
545 1143
287 790
213 939
114 739
706 985
1062 1123
254 1377
141 1234
1016 1232
132 814
100 1151
389 1171
243 973
959 1061
968 1045
1159 1336
1321 1381
712 916
856 940
876 1345
880 1094
1124 1138
779 1401
755 865
1330 1431
379 1402
3 112
1344 1397
325 975
1054 1309
806 1010
144 775
64 1174
1354 1398
462 1115
575 1198
832 884
1162 1345
1325 1438
541 659
237 642
481 1161
480 760
1235 1381
998 1344
879 1325
1372 1402
360 503
763 1346
364 599
1251 1331
554 992
195 1037
330 607
711 721
225 936
177 757
184 922
1085 1355
422 1150
110 1014
567 1291
233 741
66 1283
356 1014
963 1372
1115 1180
1311 1331
1376 1378
163 1030
572 1099
847 1295
1218 1374
1371 1417
308 439
142 1002
589 1427
893 1220
278 602
1385 1407
279 832
707 784
564 663
1273 1285
1004 1195
1229 1367
1297 1371
450 1018
77 957
1074 1246
1146 1295
1303 1314
633 1226
1271 1407
34 789
449 1232
93 602
552 620
379 501
270 1241
296 676
188 363
362 1139
1144 1255
729 1231
170 831
180 1072
1098 1355
719 942
450 551
332 1128
114 1027
467 1066
992 1241
987 1180
958 1003
1202 1401
382 1014
1318 1404
727 886
515 681
46 957
1293 1364
152 612
790 1048
240 1256
1050 1429
17 1078
153 1430
1396 1424
1424 1431
1006 1310
882 1371
343 956
1409 1414
911 1004
514 1309
600 996
587 1367
898 1256
137 1325
552 855
743 1098
1226 1228
435 1266
942 1136
701 1132
855 1356
17 255
462 651
572 718
7 265
75 1291
76 303
909 1355
475 824
1251 1421
792 915
1161 1271
360 939
922 974
1042 1291
809 1018
1015 1219
486 751
988 1367
50 1091
417 1081
804 1427
403 1108
905 1125
1104 1260
1169 1205
1416 1418
521 1282
451 463
1315 1439
586 847
1218 1395
1036 1273
754 1307
500 716
703 729
1135 1170
719 808
1062 1218
699 1075
173 1225
1058 1117
866 1200
793 1129
293 482
869 991
810 992
35 681
1030 1375
616 908
413 708
1214 1307
950 1164
590 674
1235 1403
216 1130
350 971
540 1253
1381 1405
1245 1299
1188 1433
256 1219
140 1343
418 1097
142 502
686 828
1431 1439
452 938
663 1065
1421 1425
620 1080
430 1436
668 765
500 803
512 1343
1057 1135
973 1303
674 895
340 603
977 1075
1255 1433
749 1307
768 774
866 1109
67 751
767 1438
1259 1412
369 826
332 1377
438 825
1047 1413
74 371
163 1425
442 1285
1395 1413
770 1078
508 1092
1051 1114
322 555
719 1175
521 1439
69 84
892 1241
28 763
1052 1343
1233 1412
379 675
94 1408
246 1027
1279 1341
737 1275
1345 1412
1239 1241
564 716
259 606
502 576
322 641
936 1039
843 1362
451 1110
1373 1439
795 1325
1170 1281
1066 1286
516 929
951 1215
75 586
1126 1134
298 495
165 240
978 1006
1431 1437
342 746
396 976
1191 1255
1265 1438
1228 1436
1048 1380
1384 1436
987 1199
1296 1406
316 691
603 1219
942 1067
555 1296
1296 1344
673 691
431 1029
801 1173
1327 1392
1211 1217
107 275
505 775
278 1281
1202 1302
126 1074
318 1177
161 548
169 230
250 289
490 1137
13 1305
254 405
346 790
294 339
415 526
1130 1184
1058 1260
590 1283
1213 1370
861 913
48 1137
1178 1381
864 1246
734 988
259 702
1327 1402
1288 1414
241 848
996 1207
1205 1359
6 1263
1278 1356
327 523
707 1060
377 1211
1424 1428
678 816
704 762
714 880
283 595
387 421
1326 1401
1057 1286
475 1089
736 954
1237 1281
236 1214
710 914
333 1051
1183 1219
75 196
853 1178
506 637
301 586
1328 1397
289 1058
462 852
621 919
1399 1415
1296 1414
96 1189
1425 1432
403 1379
1328 1423
1003 1343
400 961
574 701