10000
965 566
188 225
109 432
220 150
901 361
362 980
966 636
748 319
831 335
595 490
807 717
177 325
575 902
468 71
913 614
371 918
411 300
394 513
235 435
278 566
702 528
697 99
736 272
997 682
91 690
959 579
394 918
801 930
933 383
780 495
445 43
455 117
365 846
433 764
841 994
213 20
143 889
294 499
78 171
545 263
122 301
700 979
142 399
66 21
416 183
728 593
986 556
319 870
520 743
533 630
82 508
336 524
997 565
358 973
417 503
323 315
97 626
761 573
837 468
551 486
434 490
893 473
473 640
983 944
251 539
567 283
971 245
322 640
107 394
801 763
244 297
195 831
185 635
338 722
741 288
362 51
988 133
843 452
203 915
752 164
17 546
443 916
447 744
426 132
965 682
242 308
187 429
360 117
314 510
819 363
915 702
473 440
86 81
741 492
139 409
893 637
659 521
328 600
844 158
747 389
265 963
987 423
922 905
353 788
957 210
406 322
885 874
831 908
499 266
655 193
281 984
163 717
855 885
273 44
610 271
283 726
349 79
612 353
37 361
92 725
813 119
227 332
824 878
761 826
793 529
95 454
928 704
219 359
647 850
787 150
219 354
305 666
353 698
950 57
497 351
179 60
58 277
747 964
88 924
529 358
948 430
714 465
269 927
925 823
423 554
292 489
211 736
993 595
670 119
330 351
935 153
780 606
563 592
684 778
741 465
574 903
570 68
791 942
776 481
187 772
600 884
953 410
908 386
882 95
144 985
236 122
676 916
672 568
888 236
138 680
644 405
406 892
31 646
845 565
759 804
946 162
194 827
87 652
3 218
945 229
647 854
514 439
443 723
519 394
343 251
121 797
971 251
240 149
89 258
291 474
596 906
275 296
44 852
642 454
946 81
857 812
88 644
360 956
679 753
413 501
896 931
624 307
829 372
712 199
330 797
438 474
53 864
493 710
19 877
87 499
506 230
864 179
6 340
182 959
662 838
729 778
535 687
240 808
814 545
31 332
842 913
192 141
751 419
747 986
583 974
503 438
390 705
378 967
874 37
730 364
115 906
393 487
568 251
562 22
559 531
860 508
624 797
176 550
864 132
126 837
411 217
709 73
1 2
150 537
671 166
655 637
928 731
887 812
213 915
353 868
901 952
861 152
388 588
80 323
85 284
622 933
916 426
387 741
737 471
302 217
498 557
768 498
937 668
37 306
459 307
84 899
53 851
695 904
733 236
194 765
298 88
818 872
694 553
668 622
358 199
998 294
325 393
203 523
465 743
680 946
693 363
112 9
855 7
13 14
56 957
130 880
302 437
892 962
841 674
788 961
404 437
91 3
656 231
150 872
73 252
339 390
460 401
849 680
277 233
245 962
970 468
514 715
650 621
908 608
156 119
441 302
817 711
704 764
303 131
136 449
585 732
722 96
933 624
697 802
520 896
189 566
208 622
833 941
957 764
722 846
732 118
878 187
827 324
457 6
521 558
181 614
259 935
934 39
191 483
866 688
640 444
525 634
465 111
365 272
508 473
291 50
351 996
508 399
652 841
837 199
761 754
173 523
981 415
264 139
960 10
389 562
518 114
498 882
801 579
152 779
798 649
955 343
428 198
395 721
201 121
817 625
498 4
800 254
460 319
486 1000
98 908
251 96
223 199
317 51
360 432
265 66
157 575
151 508
265 831
501 806
586 66
707 875
446 625
406 301
830 481
39 104
788 840
258 236
698 143
10 519
300 805
769 565
93 726
734 997
433 517
456 821
943 43
411 976
660 233
339 8
499 589
525 385
327 35
454 130
334 204
330 315
249 956
671 116
156 181
454 24
528 51
968 942
831 467
100 466
288 49
809 781
599 606
51 358
173 671
332 153
202 649
714 558
570 327
391 665
304 957
580 938
987 225
945 179
410 221
1000 156
166 276
987 414
697 47
730 374
121 892
98 548
402 38
413 728
404 993
586 137
904 930
727 969
355 538
736 993
456 865
485 592
644 648
310 163
699 316
46 833
584 759
877 651
122 428
832 954
167 343
384 604
164 964
125 385
491 37
83 343
780 915
386 195
922 187
250 27
978 926
497 446
393 622
676 312
375 226
955 422
473 960
689 691
879 408
731 905
208 5
76 635
471 172
404 301
933 414
605 972
645 232
698 208
77 15
375 68
323 180
2 268
620 841
804 850
171 680
567 122
446 93
874 182
544 922
264 835
836 696
300 220
258 648
581 259
809 43
891 524
120 672
561 115
229 672
906 580
927 311
137 382
660 55
921 993
579 395
216 937
401 770
742 841
945 159
827 432
943 125
570 477
163 152
103 461
496 878
262 941
516 975
553 518
61 865
334 737
506 182
647 618
330 752
535 943
468 319
951 537
31 347
262 502
786 235
813 57
360 525
521 411
366 835
445 44
921 185
675 460
730 113
512 482
386 919
591 661
278 94
216 939
44 125
932 82
918 544
915 970
724 584
317 902
13 16
973 320
742 162
479 784
720 62
704 96
760 755
693 290
978 288
354 974
814 72
241 352
488 828
821 885
197 53
931 38
832 551
503 859
674 475
518 855
666 337
844 621
284 229
215 581
576 986
341 379
680 3
994 191
462 570
951 237
842 718
787 850
708 454
999 679
241 998
999 38
558 591
627 34
869 66
803 891
746 475
570 687
40 901
552 380
251 877
484 198
362 173
504 671
893 65
12 3
77 605
157 107
356 788
702 164
964 721
82 612
55 532
604 499
182 472
506 270
162 682
745 102
93 311
161 264
761 950
720 618
170 49
871 842
815 343
937 755
500 545
774 263
367 700
11 274
129 533
388 634
986 524
380 716
676 701
416 290
504 389
671 133
558 932
689 701
310 107
905 735
989 370
154 156
103 798
500 712
814 48
123 76
597 375
222 995
214 928
287 297
663 388
438 214
252 966
528 780
201 972
572 611
472 71
61 865
458 393
294 432
952 756
369 848
497 383
349 373
38 354
564 162
621 650
480 916
339 646
294 552
307 516
604 384
415 538
590 995
803 626
719 715
70 704
758 280
218 941
239 311
389 147
623 331
843 386
895 933
695 466
871 676
325 344
333 55
835 175
695 353
977 959
718 334
189 541
495 481
401 593
233 758
676 759
472 474
978 517
461 820
90 547
705 276
810 278
456 493
308 103
517 791
883 899
800 353
404 492
961 275
195 895
659 197
222 68
544 105
65 99
162 661
444 946
31 861
146 427
925 701
919 729
649 634
648 600
368 942
31 422
622 29
430 145
862 554
876 847
865 425
956 697
648 224
527 620
799 784
126 190
78 396
530 857
766 276
140 360
377 488
838 41
855 469
465 963
365 521
901 163
701 709
83 815
908 166
372 406
276 77
67 215
261 960
663 666
937 689
492 651
348 678
210 293
407 488
514 760
729 617
852 735
30 404
275 254
967 229
261 287
525 847
234 549
985 601
365 547
723 822
520 558
168 237
460 534
306 406
451 952
646 73
73 567
887 931
477 828
874 519
267 200
139 5
605 352
466 273
564 446
604 341
236 332
134 152
214 261
755 6
155 727
373 109
464 285
713 476
487 51
746 94
191 330
417 275
213 49
513 217
544 545
392 310
900 849
554 925
853 882
936 798
976 305
733 424
381 675
742 276
47 336
17 316
490 768
243 287
491 94
36 644
329 351
572 174
401 996
569 593
787 190
227 787
42 445
514 789
2 301
143 120
166 264
859 552
737 117
184 147
62 709
765 965
997 576
876 369
299 990
205 815
492 40
823 362
641 29
911 635
6 169
422 764
51 650
320 364
734 221
359 617
831 943
195 822
481 962
460 773
838 558
525 226
130 595
667 876
191 382
576 586
553 177
776 153
184 430
862 572
991 791
499 821
480 68
508 606
31 617
223 446
494 60
370 895
38 490
704 182
856 333
563 999
718 185
242 663
600 25
171 511
691 525
697 230
59 264
167 354
653 802
352 390
141 531
728 525
270 893
645 672
346 88
749 623
869 21
551 781
491 365
324 85
225 101
988 845
74 603
700 141
309 124
233 852
961 13
701 772
963 194
362 490
575 103
340 959
565 638
623 412
312 385
640 315
319 562
96 289
701 676
188 343
325 962
497 789
16 645
216 852
6 415
843 882
420 279
420 129
718 241
539 41
507 415
824 687
943 421
728 332
21 842
995 866
776 594
440 456
512 117
599 517
730 144
420 957
69 508
621 99
973 925
779 919
222 824
329 607
660 458
759 280
43 201
789 778
948 602
953 544
119 180
90 783
167 121
808 997
432 188
973 888
583 523
263 807
326 795
291 241
330 27
393 302
559 168
949 279
554 696
291 668
563 484
39 602
229 540
366 726
644 275
856 727
651 989
711 171
491 729
986 652
539 880
122 386
39 260
651 225
109 260
977 506
28 822
246 645
455 191
289 894
19 952
473 61
469 356
688 682
336 437
579 248
961 187
461 565
638 566
943 576
179 108
739 261
214 835
637 503
838 747
369 97
525 133
575 865
170 405
108 623
428 67
924 334
328 595
488 877
730 453
43 181
874 508
670 296
789 489
129 122
556 147
309 290
36 684
915 490
882 556
986 990
829 479
516 879
995 747
67 802
29 143
841 163
168 273
620 289
676 233
616 299
181 94
271 778
664 953
798 195
881 392
417 871
634 709
966 502
384 461
18 161
800 875
190 678
176 147
202 727
562 307
412 794
759 70
758 929
187 391
217 755
826 216
125 953
658 366
279 630
189 28
777 322
621 47
373 722
95 697
459 474
403 498
170 468
662 47
662 957
716 833
596 729
95 533
235 49
739 504
437 7
105 680
473 986
62 43
299 321
513 689
178 87
934 462
454 472
549 470
350 304
467 590
777 325
540 986
723 226
694 657
974 601
815 933
19 754
645 655
800 617
762 151
727 446
578 180
28 753
719 179
773 19
431 490
250 276
99 385
472 884
626 239
655 294
676 907
477 153
651 11
87 634
810 599
20 603
350 274
512 787
156 320
911 145
669 132
351 797
650 276
936 305
647 425
692 7
861 239
497 96
980 296
993 411
337 65
137 782
33 491
354 696
222 150
181 577
411 816
861 203
620 23
149 733
936 522
300 12
268 495
395 200
559 867
166 746
43 63
165 437
238 209
486 357
175 119
421 631
305 353
776 637
302 901
752 867
505 552
53 296
792 661
527 196
983 668
332 591
493 792
346 368
398 876
980 771
67 752
240 889
878 871
514 532
437 819
487 845
667 640
356 950
34 624
283 796
621 598
390 392
307 740
133 730
800 220
859 947
738 273
758 859
972 519
807 78
917 351
944 218
345 684
384 660
240 983
321 981
533 92
732 530
624 762
731 715
777 248
828 818
115 10
485 309
865 838
752 368
518 43
367 666
455 260
632 275
938 566
575 995
446 204
938 676
186 120
980 901
54 49
579 855
72 160
837 609
39 460
964 744
686 390
200 475
339 321
931 102
476 401
878 193
495 864
206 536
365 489
962 722
281 963
546 588
194 678
888 880
887 720
973 210
624 496
509 494
147 138
911 806
953 566
634 306
962 747
282 961
101 485
129 331
184 171
181 125
601 549
315 617
19 15
212 793
875 278
562 643
103 217
856 669
814 775
937 856
217 789
773 691
405 47
34 117
19 941
293 919
835 370
866 923
461 472
257 139
977 915
354 494
302 595
574 148
827 948
504 589
370 976
715 288
912 908
419 656
99 211
147 921
861 968
579 715
900 478
526 231
233 889
90 128
554 6
858 317
156 232
836 653
267 431
314 518
843 781
318 128
628 814
293 867
774 535
518 652
544 334
893 605
888 470
936 415
802 775
711 788
181 830
613 416
163 215
101 232
621 213
176 523
701 660
862 49
590 246
766 310
273 366
443 28
484 245
307 12
50 637
632 603
232 401
536 471
865 698
555 769
723 387
177 132
135 727
503 17
305 207
6 156
618 1
176 340
772 439
71 18
217 220
43 721
416 265
893 597
812 753
929 525
197 65
149 956
710 523
599 767
588 737
365 10
854 128
528 129
828 110
657 920
698 522
218 925
385 572
315 932
378 99
503 767
832 484
953 379
124 109
394 827
285 756
113 922
302 499
491 191
990 984
910 465
447 223
400 720
907 556
651 147
899 489
308 108
369 293
648 760
970 243
669 474
876 910
45 346
532 205
990 37
145 834
259 551
838 684
365 58
769 197
385 495
54 504
279 213
472 943
941 742
947 879
159 466
546 442
695 852
916 552
576 627
299 819
776 202
662 950
22 507
565 646
147 592
262 847
253 134
710 141
794 764
315 915
820 711
437 774
991 228
844 887
377 843
684 409
898 329
118 802
911 858
732 573
565 915
218 674
776 846
392 579
748 508
56 363
50 770
745 670
854 800
429 81
230 671
289 299
349 276
469 665
801 852
917 841
388 953
200 373
649 320
886 813
833 12
702 847
519 299
498 40
202 191
308 692
97 737
652 505
409 177
984 64
922 692
436 563
902 248
970 643
815 780
982 943
71 354
929 542
642 117
555 685
847 515
833 207
975 591
856 488
44 211
250 261
696 889
109 205
99 538
507 672
347 946
309 575
677 373
15 826
976 713
773 872
83 750
363 71
46 956
354 892
534 415
249 675
590 214
896 401
216 469
882 765
441 794
667 397
689 810
30 964
151 284
311 910
33 745
643 153
841 641
446 706
713 606
165 396
452 949
658 516
456 799
215 963
54 765
194 435
226 239
905 437
361 359
919 604
746 312
249 737
153 557
374 711
598 184
737 82
803 414
70 225
80 725
620 490
682 623
924 546
334 851
62 554
491 14
112 12
782 708
444 571
333 602
894 995
16 154
724 170
699 908
757 188
294 654
994 431
112 290
861 261
267 316
261 814
229 728
504 116
718 406
229 875
568 820
117 189
680 360
994 838
914 794
81 944
604 734
291 593
779 899
53 830
263 35
948 109
942 149
522 818
248 872
934 456
884 395
721 98
458 300
343 944
976 695
915 520
87 104
168 247
662 278
66 752
646 411
130 373
143 219
417 162
655 64
54 1
732 13
561 704
276 703
525 661
576 290
717 322
355 90
323 137
925 568
729 928
119 980
996 566
217 205
288 470
672 406
620 659
798 77
607 474
145 307
514 674
522 747
699 498
901 964
664 156
94 667
674 32
338 836
396 45
150 541
624 38
508 357
943 617
362 320
869 110
831 107
3 875
53 733
856 919
566 207
110 591
704 389
284 202
840 870
139 834
513 557
145 879
974 135
607 240
548 749
884 99
923 830
373 587
649 805
326 137
118 128
797 420
758 439
719 233
491 401
142 166
864 525
847 579
276 382
86 947
24 338
659 315
833 272
90 242
601 993
728 736
622 777
106 651
576 222
670 384
509 44
726 715
161 339
299 201
288 163
108 119
910 771
310 899
809 837
308 915
186 628
301 918
574 893
700 641
453 389
588 674
620 968
481 750
465 257
904 525
802 785
732 343
386 755
408 792
138 991
283 520
389 853
270 701
394 827
82 480
636 663
328 235
200 851
748 517
216 661
896 25
701 79
916 563
264 433
172 536
833 245
848 564
440 792
369 634
438 483
361 508
424 179
146 580
915 48
209 876
240 146
425 579
140 114
943 720
40 271
930 713
908 832
753 829
136 315
735 210
491 58
144 989
819 410
428 283
31 673
274 130
96 831
905 297
959 2
133 683
697 527
690 362
188 883
747 728
461 173
41 856
562 283
7 395
331 493
286 540
48 843
167 119
176 284
926 617
854 514
236 180
419 97
554 577
34 631
934 588
964 93
668 766
97 951
327 965
614 339
732 179
339 718
199 952
476 949
366 62
581 289
199 173
255 960
471 10
564 44
447 965
896 931
564 128
730 805
111 292
547 582
679 41
247 744
277 614
550 498
30 945
394 756
367 485
266 29
650 159
997 223
360 291
309 820
736 495
303 902
795 426
31 181
564 423
247 837
761 360
501 108
837 749
24 263
279 719
738 920
978 630
939 275
513 919
269 218
265 768
713 50
937 313
389 150
879 646
987 50
609 888
61 704
308 581
273 592
87 992
560 680
376 862
262 597
406 954
971 273
118 851
3 393
850 104
325 178
188 153
364 825
376 694
421 397
982 507
657 693
47 140
962 508
902 469
279 427
665 106
552 815
850 986
90 353
879 829
738 143
736 146
388 30
795 957
649 340
977 631
581 684
940 478
882 163
891 157
743 656
75 323
447 321
572 921
572 771
154 967
50 72
368 403
770 939
705 620
108 385
424 331
528 29
345 249
228 745
900 788
953 649
947 981
680 547
189 224
82 569
197 111
682 34
596 419
509 754
558 507
472 955
276 877
90 510
204 503
64 129
566 700
430 89
348 199
524 320
208 770
102 565
852 301
273 994
439 23
535 896
704 707
571 749
404 443
893 429
912 839
341 711
494 947
169 706
383 54
224 107
712 601
812 899
72 754
783 413
166 824
772 738
521 960
623 629
403 844
104 263
189 192
656 407
488 684
476 835
386 566
665 172
705 634
412 511
833 594
335 182
931 138
9 63
328 556
89 633
930 806
42 800
822 901
888 219
861 72
217 828
519 731
903 297
613 935
707 484
567 892
682 495
703 645
759 849
486 549
522 286
943 866
111 972
300 576
241 912
956 951
241 115
548 812
128 522
476 393
510 154
914 31
414 928
615 990
3 84
924 655
503 464
870 972
324 567
357 664
998 348
76 226
769 774
105 615
132 411
269 122
717 687
579 752
691 780
959 270
504 407
332 337
291 636
891 697
364 75
564 931
984 933
597 946
622 242
306 458
478 961
388 271
296 975
510 508
74 899
706 461
988 241
708 473
349 118
185 100
20 424
709 356
343 447
556 506
144 529
280 506
98 956
139 166
863 754
777 208
611 315
249 588
319 846
511 327
979 224
828 631
241 434
886 539
526 459
785 409
844 925
215 937
543 434
235 331
362 585
790 413
436 376
539 426
947 251
287 48
317 180
683 26
8 883
88 192
35 398
432 178
511 941
726 138
330 239
853 862
542 561
90 767
866 875
346 227
481 522
774 385
472 39
407 41
783 15
521 932
165 375
723 127
579 899
673 241
465 972
533 965
730 476
142 977
605 529
496 871
960 298
934 407
814 112
563 991
562 470
229 4
41 207
213 691
258 169
528 929
679 189
392 994
68 127
651 638
348 817
913 794
287 859
445 76
73 274
382 742
148 406
141 993
544 754
548 894
367 371
81 858
161 786
276 49
490 63
839 123
992 292
208 413
121 852
871 404
681 296
950 87
175 438
888 828
748 527
402 909
928 241
227 340
800 130
53 106
527 524
375 933
861 15
38 327
97 967
717 725
369 654
946 643
948 952
135 656
484 134
310 999
914 376
233 386
15 804
624 219
927 392
381 494
229 633
142 540
418 939
956 941
960 471
788 518
510 125
472 361
623 433
528 846
855 882
940 533
925 400
253 476
383 666
253 985
743 871
4 950
966 281
73 803
529 996
241 460
213 900
836 94
469 538
587 506
523 37
722 327
433 501
70 151
830 737
436 707
736 298
95 444
257 404
561 621
300 790
54 842
188 23
534 429
862 495
531 462
20 627
810 477
589 751
13 859
731 289
925 610
306 927
586 38
91 459
449 703
248 817
21 574
917 126
544 519
99 232
462 809
584 424
318 589
696 182
682 82
680 253
255 358
912 53
891 762
251 492
475 144
740 630
453 695
932 399
698 377
299 326
785 772
976 831
17 685
544 563
73 839
604 42
832 266
652 664
348 170
364 516
901 329
411 386
229 809
325 193
106 532
900 115
754 106
17 122
92 106
718 18
792 401
330 621
860 166
88 816
572 608
923 999
143 419
468 209
949 242
721 698
267 501
185 277
879 307
347 505
925 228
511 693
890 619
920 136
903 686
240 602
238 448
328 872
567 652
755 853
833 86
469 374
415 397
401 707
212 585
32 682
682 892
423 343
532 700
446 806
645 180
143 974
164 379
737 387
206 895
484 783
46 211
847 278
207 61
288 483
70 471
342 591
49 473
708 857
827 407
83 725
491 467
588 884
940 747
62 645
434 187
852 918
741 881
759 192
291 174
800 390
700 932
801 413
558 57
199 446
217 642
214 78
701 511
958 483
135 231
428 433
621 39
554 73
349 414
545 295
713 477
801 368
383 117
872 238
835 863
241 656
898 535
19 473
271 748
832 179
239 157
219 969
403 421
85 497
410 878
107 724
603 207
832 4
627 439
721 864
92 609
429 15
560 770
873 78
631 620
991 196
166 410
445 727
743 993
627 131
430 378
929 994
385 838
465 46
823 639
306 731
773 493
846 504
249 100
238 476
904 236
566 866
191 560
162 693
62 445
553 291
643 531
933 722
619 719
852 321
658 639
261 153
402 199
765 55
463 55
433 376
731 313
130 951
375 507
218 448
250 171
59 319
49 714
673 608
47 203
22 438
359 972
159 252
481 207
62 953
365 140
112 522
295 39
780 275
539 745
94 634
164 426
997 846
416 541
432 248
969 871
961 751
777 522
617 386
404 636
749 640
210 398
618 40
70 419
807 555
720 415
413 843
910 165
91 281
854 553
491 195
475 950
776 1
727 572
441 60
255 395
571 50
802 199
51 218
535 751
189 181
514 481
595 150
661 236
838 57
26 530
149 599
823 981
729 311
358 647
386 10
264 412
322 923
237 619
572 250
183 824
802 690
164 328
803 586
423 695
606 921
610 766
39 704
372 316
986 687
515 776
84 393
40 321
671 523
50 199
535 957
622 339
671 510
178 933
605 631
996 256
608 180
961 532
430 852
160 807
948 716
356 728
687 457
705 979
190 167
767 622
536 506
129 184
906 160
572 356
368 251
64 225
855 712
659 106
477 434
917 768
355 210
413 941
902 438
603 562
304 970
97 669
295 341
465 824
859 178
190 150
495 875
625 707
293 162
515 8
363 320
254 877
812 52
878 57
485 401
655 237
370 899
268 117
397 665
235 199
339 802
152 336
831 802
415 551
828 737
993 74
829 728
762 76
759 811
83 735
32 553
578 680
640 791
83 836
746 230
730 703
929 786
122 786
308 860
867 580
858 183
75 805
417 933
401 21
131 295
618 626
96 225
356 230
90 67
463 657
583 599
85 752
1000 485
235 47
875 454
610 624
515 928
487 658
322 131
243 229
686 373
867 51
733 7
876 927
737 697
972 640
212 507
95 718
214 690
261 605
537 171
315 369
917 714
805 896
339 322
559 682
159 405
181 714
558 661
703 862
80 751
687 488
144 675
599 386
517 296
506 439
996 61
267 545
997 584
837 254
297 740
256 332
874 996
490 5
624 799
434 235
553 396
325 115
590 233
183 97
294 643
222 644
643 78
930 839
210 975
716 910
683 817
86 685
944 324
473 346
806 413
833 733
196 952
653 773
979 897
616 471
209 273
891 704
286 210
292 229
631 471
652 715
571 356
922 783
850 173
214 592
505 917
484 330
327 27
876 399
835 892
273 648
462 115
894 416
134 734
419 700
294 193
556 189
275 968
909 597
529 881
859 430
548 471
631 504
209 304
658 369
32 517
228 946
690 263
156 923
279 786
601 532
240 508
726 793
157 283
127 333
104 654
203 181
29 311
660 733
742 900
785 495
650 151
698 598
331 693
110 611
696 838
650 872
648 658
917 812
298 844
739 957
471 154
391 593
429 402
816 859
62 168
507 497
586 946
323 652
93 89
664 876
377 439
643 659
783 99
229 766
474 1000
824 683
771 373
126 881
159 129
362 183
157 610
931 224
619 471
792 610
464 769
968 431
819 958
58 545
621 925
233 847
480 743
645 537
737 527
470 792
304 909
597 308
353 594
249 315
228 601
203 654
112 758
607 937
3 689
104 637
255 575
5 388
967 955
292 836
29 855
648 20
824 952
788 711
591 849
500 66
304 36
108 284
897 710
914 356
557 417
383 935
783 117
995 289
300 645
918 960
538 997
225 124
953 359
597 69
773 208
299 814
554 250
76 686
765 390
994 567
224 28
176 686
593 346
668 936
57 379
485 348
479 863
672 210
907 594
938 36
576 500
426 986
492 113
410 649
711 721
996 72
207 612
442 852
252 920
633 762
269 382
425 445
355 215
507 662
555 764
447 284
344 612
927 200
835 485
65 305
228 468
676 98
910 285
581 955
343 75
207 944
828 750
329 526
161 759
383 384
252 739
316 905
163 266
909 364
877 452
380 967
17 827
773 204
920 226
680 404
559 590
374 96
824 120
235 57
138 577
246 227
303 213
526 254
166 841
868 571
218 777
948 903
94 122
725 522
575 23
493 971
846 157
558 26
744 404
772 132
118 620
234 799
914 559
251 132
567 430
593 663
686 816
440 155
195 592
488 796
91 497
238 779
406 295
532 380
247 202
397 453
975 866
908 260
69 504
702 666
138 514
233 595
829 174
833 760
934 161
40 625
486 590
871 39
600 115
34 522
10 686
502 767
141 233
815 97
507 433
689 401
776 702
589 315
538 288
622 501
808 786
341 12
145 82
821 923
892 404
947 422
508 127
796 371
770 78
503 721
7 427
264 240
807 594
764 220
735 423
150 987
705 740
549 301
679 551
468 932
231 954
994 767
724 789
861 641
475 836
182 845
613 492
334 266
211 308
61 28
308 92
126 222
509 630
860 96
151 218
783 966
388 647
22 884
703 8
903 876
278 607
137 755
945 956
107 787
463 874
658 316
168 993
104 119
341 576
457 861
598 73
697 765
600 720
532 905
321 122
890 161
50 678
283 558
720 157
523 570
350 887
406 462
1 623
557 580
239 339
568 945
567 553
341 564
344 375
697 550
150 289
896 670
271 164
862 904
603 156
843 994
625 795
66 743
904 758
68 242
254 902
6 497
720 121
802 869
463 210
425 805
309 794
328 130
7 669
825 645
497 295
314 330
869 801
614 281
587 113
467 857
802 624
357 922
944 194
784 682
422 974
210 125
2 456
478 704
830 91
459 682
567 286
972 278
950 718
89 252
858 654
191 240
591 860
688 764
781 29
328 524
192 21
328 334
54 609
603 94
69 36
929 973
601 442
795 34
798 773
33 384
116 189
146 20
170 824
966 987
849 890
507 381
515 229
102 396
826 301
152 530
602 252
178 132
187 367
352 97
66 302
545 310
326 537
783 675
462 656
877 209
21 83
758 71
9 922
456 568
572 232
75 279
895 611
930 777
885 704
323 931
651 641
157 625
854 135
552 780
401 426
23 272
779 737
317 9
390 351
343 340
573 616
486 33
594 165
546 645
686 155
773 326
690 253
113 754
596 82
410 520
624 476
19 468
17 50
774 1
803 887
483 266
381 842
921 358
898 662
4 163
360 868
911 26
518 533
420 538
936 580
856 578
174 635
817 171
823 382
231 278
91 576
886 593
956 395
936 763
36 948
983 604
67 508
285 321
203 123
21 283
427 761
376 129
149 66
396 159
360 64
796 804
126 685
407 198
241 905
305 754
499 62
269 432
127 380
520 531
763 89
382 657
345 483
265 911
673 847
519 960
779 591
884 384
749 904
71 920
681 736
395 784
435 218
987 993
707 518
382 257
905 75
571 934
317 43
268 497
399 73
636 80
984 821
938 851
488 989
107 624
545 599
20 348
270 889
953 879
459 973
545 999
409 955
304 281
883 904
302 160
422 592
591 684
224 496
755 774
343 497
261 441
295 553
896 710
82 88
785 804
122 9
169 926
654 302
359 120
42 626
240 358
921 605
49 639
720 712
654 354
109 700
60 270
244 864
845 208
580 554
546 2
871 300
940 619
64 806
708 734
125 355
406 678
59 127
67 846
600 495
827 18
827 156
88 787
831 92
292 778
798 799
952 515
819 967
7 739
467 777
604 655
339 45
658 128
199 161
449 891
559 955
694 590
283 743
607 174
142 416
555 522
958 714
318 475
257 929
832 577
923 886
879 522
124 512
335 851
367 584
136 916
633 217
635 451
134 308
779 498
461 854
244 76
342 565
814 628
472 424
199 111
648 357
999 777
469 8
331 501
975 94
193 149
746 351
790 146
264 43
552 439
840 610
307 734
81 3
296 183
469 446
17 891
196 740
118 20
538 25
506 478
466 844
869 61
994 377
124 580
684 515
877 125
391 863
197 806
437 546
462 629
795 523
797 630
755 378
903 436
687 415
827 945
577 384
596 508
883 869
261 97
562 936
806 395
322 682
508 208
979 857
289 172
326 826
819 815
563 230
921 462
430 831
260 448
315 285
76 282
310 141
588 208
549 545
39 452
321 226
770 950
190 270
799 295
198 256
945 76
596 410
755 332
848 273
435 375
88 476
549 95
282 836
733 877
910 381
16 535
367 418
698 215
486 213
593 941
111 591
727 996
811 747
8 194
535 176
771 197
630 359
441 165
658 368
133 337
177 788
671 532
50 148
975 475
141 738
865 430
52 999
552 8
223 57
417 656
109 290
2 787
524 734
909 307
853 53
975 587
991 948
500 569
717 602
458 349
509 853
144 522
57 15
39 732
736 305
237 326
368 552
257 963
438 146
754 977
611 333
524 470
834 200
303 22
796 638
867 43
563 97
945 513
992 656
848 868
479 392
338 908
588 28
871 572
342 725
805 314
579 1
242 73
392 198
525 406
948 70
269 529
389 497
185 908
760 45
182 314
551 717
543 80
853 810
182 442
350 503
481 839
867 151
548 154
752 811
92 339
152 747
385 257
589 577
199 987
163 952
574 538
858 550
202 249
418 429
426 566
280 624
678 10
69 797
164 798
963 602
717 324
931 676
411 448
441 125
103 369
709 848
577 960
875 264
823 200
849 653
421 313
227 648
487 488
168 784
382 112
694 99
387 968
179 3
991 222
664 282
892 939
944 996
34 741
191 537
632 759
911 651
892 688
44 361
817 579
675 898
413 421
665 989
492 630
202 614
601 727
566 869
896 315
333 180
452 391
21 22
528 351
263 253
80 247
969 317
856 814
918 38
974 562
971 789
7 638
919 204
700 302
527 332
429 665
623 34
708 782
990 94
963 847
344 821
701 931
302 615
476 759
987 310
335 878
362 867
467 278
444 900
22 928
701 996
372 87
389 10
171 749
694 995
298 554
306 79
269 248
765 292
1 774
950 399
417 574
545 165
946 772
202 388
963 30
73 990
393 769
291 924
924 761
13 403
977 399
795 469
390 683
631 312
565 346
916 998
638 982
235 957
725 710
49 477
971 176
306 769
46 721
833 772
321 447
143 648
123 851
865 610
26 319
642 887
444 819
106 750
21 702
581 354
449 7
65 127
318 909
909 191
494 926
589 728
924 108
698 955
905 778
160 274
310 204
192 46
134 234
691 374
331 643
252 62
960 300
561 619
418 184
542 862
465 884
123 216
728 703
255 104
847 540
440 294
599 687
237 818
355 998
632 943
445 526
973 802
541 662
101 382
502 782
387 281
838 323
493 800
384 887
340 528
877 21
20 148
467 780
715 131
703 463
475 447
671 20
288 587
977 273
76 18
678 836
678 396
282 281
618 554
475 950
549 452
450 624
215 193
979 275
277 883
313 503
733 252
668 928
881 740
267 628
673 693
407 657
310 804
269 642
828 678
551 506
678 361
671 164
301 640
188 566
145 416
895 429
771 504
862 357
767 572
777 66
26 316
220 590
832 928
712 216
992 34
891 856
390 249
239 502
528 939
26 439
979 551
149 548
85 492
552 462
684 646
500 301
660 811
837 523
627 843
735 170
481 843
931 93
767 76
933 604
287 336
70 864
824 436
768 510
750 107
598 351
819 636
206 398
153 171
7 913
526 391
737 114
213 279
688 714
780 948
804 556
48 851
645 706
863 592
230 378
835 253
32 260
633 698
888 970
186 426
301 115
640 236
160 470
846 274
88 674
485 646
711 593
532 561
614 180
733 939
478 790
972 613
643 215
195 896
412 421
922 972
480 559
286 843
358 547
630 327
784 986
185 959
490 953
96 744
795 708
73 963
188 659
222 195
229 260
198 77
455 313
40 520
823 649
493 804
22 469
537 206
108 409
702 518
646 498
306 124
905 843
89 109
307 590
727 45
450 386
391 932
152 749
916 182
241 131
346 91
232 106
595 411
385 324
124 674
895 573
89 64
530 470
53 596
443 495
192 659
715 847
836 495
826 533
188 792
126 889
603 720
457 603
428 725
731 892
717 587
662 235
186 658
108 31
473 295
927 485
662 697
239 385
936 37
684 566
351 915
298 448
381 393
415 138
313 629
436 763
529 334
187 536
796 885
39 645
67 630
397 528
821 755
862 778
896 866
822 558
724 835
481 860
476 18
363 935
806 99
14 894
512 210
991 702
418 40
186 411
196 53
922 649
869 359
692 607
846 698
91 205
40 845
218 41
212 34
2 803
489 36
599 40
381 780
328 515
920 232
551 667
782 482
58 316
903 147
117 935
851 434
151 579
648 282
215 93
819 38
347 203
52 780
359 565
6 381
149 468
134 792
440 410
881 335
439 5
218 143
771 109
871 280
65 363
347 680
288 75
731 192
536 511
921 580
996 673
189 680
477 610
547 234
81 192
97 907
256 882
191 541
674 860
471 140
651 163
823 5
424 462
695 318
487 578
449 521
676 972
645 473
233 819
778 399
583 967
584 55
721 142
989 515
990 591
927 714
862 44
699 317
321 573
87 459
628 612
225 808
106 39
919 752
937 858
263 188
875 499
375 95
629 531
804 607
644 870
542 10
243 823
711 199
350 198
745 349
87 959
416 459
67 861
777 151
716 293
481 861
993 541
32 81
996 309
593 216
753 52
927 809
772 571
311 877
526 646
978 94
726 882
54 135
201 33
506 192
802 456
419 246
495 688
441 593
487 408
505 476
625 489
131 540
654 924
791 749
715 737
112 569
869 434
918 370
466 711
364 870
20 205
273 667
231 875
609 640
628 665
138 962
721 121
235 171
465 307
429 640
694 873
76 783
70 739
755 114
795 565
839 523
966 189
539 102
817 252
394 599
920 623
486 585
275 653
170 152
362 856
491 198
782 319
900 867
523 421
573 93
769 869
450 264
367 864
74 496
562 632
812 80
659 333
205 909
28 551
807 447
778 646
808 516
813 226
261 176
22 775
137 642
922 241
234 289
177 888
165 809
683 149
50 210
701 997
254 813
638 323
557 747
295 972
174 944
981 820
435 671
177 809
85 830
777 199
232 267
205 238
433 621
317 584
217 15
29 752
232 122
680 443
409 984
441 659
303 639
559 425
215 733
983 45
18 650
948 862
21 143
362 556
165 277
117 307
485 123
340 675
240 747
511 734
652 94
785 207
557 807
531 721
66 881
936 502
718 668
721 798
350 329
532 886
689 634
39 857
22 286
673 329
960 282
873 703
64 836
612 448
452 218
394 478
349 432
705 805
335 559
707 744
158 774
879 886
622 583
294 482
505 786
310 38
719 854
898 649
476 826
517 617
614 802
479 180
227 405
570 181
509 550
711 525
206 269
382 36
488 481
248 965
493 32
985 225
626 266
592 694
165 664
567 933
652 518
232 174
996 801
277 260
178 641
15 682
43 489
528 281
611 422
841 697
455 434
225 566
453 362
618 146
132 70
201 748
919 440
906 208
49 608
17 3
121 636
562 734
627 141
300 787
385 736
607 548
357 794
647 742
275 371
834 411
329 981
449 118
852 926
469 162
697 368
243 467
121 777
278 420
997 316
159 423
627 126
138 945
151 681
120 551
908 861
7 375
619 506
86 341
396 194
78 627
624 583
551 275
95 394
52 749
735 970
825 52
284 535
403 160
654 451
559 412
265 848
653 95
378 463
780 697
213 855
321 970
618 925
460 404
944 89
478 333
203 592
701 848
671 453
685 378
948 360
339 992
231 629
177 587
177 586
854 337
41 749
995 233
17 213
842 921
2 998
820 47
75 224
720 356
453 22
831 35
759 754
871 999
499 777
316 767
760 505
790 375
277 288
234 736
354 368
443 84
743 491
145 504
444 331
341 305
802 375
112 808
9 334
474 17
908 537
300 438
703 874
192 748
382 822
944 141
41 142
519 825
899 402
285 737
777 889
561 485
488 137
494 513
879 131
678 181
556 438
92 986
19 878
130 49
137 36
264 32
408 276
605 306
931 437
523 661
100 276
753 139
450 555
352 134
843 687
630 703
784 346
663 284
228 911
848 541
371 46
313 890
699 464
377 923
633 907
415 371
870 88
378 54
595 294
474 258
373 672
218 819
645 116
999 818
580 578
929 917
13 626
5 385
913 553
73 343
319 775
404 23
4 889
871 195
430 560
89 239
273 149
123 995
58 800
196 502
441 56
536 823
721 874
408 717
839 304
556 306
494 311
272 210
248 387
577 442
58 755
157 65
342 255
575 315
536 812
803 129
946 249
98 225
391 214
649 425
125 526
573 632
701 763
966 564
477 58
419 895
779 926
849 144
927 542
312 303
898 612
188 744
311 507
978 352
263 554
252 164
952 322
929 463
817 398
787 966
661 280
289 250
924 739
314 487
974 341
687 524
890 622
321 960
74 901
545 303
279 770
986 253
104 846
442 781
375 696
652 164
112 317
226 959
713 708
256 701
723 210
864 1000
7 707
430 61
499 49
903 332
267 931
479 473
135 898
598 95
230 475
846 702
958 20
108 792
300 454
979 218
629 495
671 13
763 434
882 7
718 495
736 710
190 78
741 340
590 60
501 144
370 316
677 899
870 438
834 930
60 231
7 85
486 30
151 44
316 593
489 886
754 562
134 774
13 245
408 551
197 54
892 836
260 605
37 288
310 136
1 771
776 568
441 714
380 936
847 696
665 66
56 701
206 745
552 583
665 173
988 954
516 969
849 368
314 763
46 457
74 181
372 1
835 406
516 540
436 620
372 572
118 907
541 376
679 533
437 497
826 4
926 108
988 92
946 595
963 494
761 630
935 383
27 429
452 119
731 525
764 291
606 204
960 706
310 868
54 222
380 403
154 742
943 276
56 146
351 312
918 135
82 652
420 712
229 365
424 482
509 394
742 73
911 91
312 923
278 548
58 398
118 237
319 83
192 895
91 890
217 801
372 779
539 39
541 296
701 103
106 889
187 964
219 985
470 983
272 531
395 506
218 188
382 952
402 404
607 998
933 20
776 642
526 466
840 932
617 337
622 195
755 753
54 998
903 217
163 183
381 705
195 706
215 689
268 912
766 495
812 441
703 369
265 727
289 276
362 759
227 860
542 52
210 528
873 475
388 867
905 158
736 61
914 831
347 869
983 918
375 437
463 661
675 55
503 731
613 13
842 935
390 628
165 717
590 207
622 917
41 225
740 787
470 566
3 116
313 631
534 377
334 676
350 331
257 485
881 247
615 314
667 512
842 241
452 856
777 353
868 737
36 126
262 270
434 181
276 185
763 58
37 765
117 82
237 238
545 759
779 685
640 241
110 230
373 588
829 210
340 331
129 528
515 247
977 831
187 635
343 972
539 883
670 473
884 871
454 882
227 73
748 357
425 156
855 591
780 316
679 272
505 888
936 752
913 570
909 166
428 441
708 888
680 991
707 336
263 586
140 330
401 672
370 994
758 309
427 917
161 126
895 658
779 539
750 30
555 802
610 665
904 701
535 296
436 165
620 359
85 156
197 222
407 540
940 283
638 898
753 956
195 8
916 617
664 935
23 249
928 445
304 494
688 705
597 905
706 725
341 649
887 765
46 398
533 5
173 811
410 111
869 231
853 875
495 41
106 104
998 966
384 861
649 151
680 785
573 61
825 460
959 89
970 830
206 813
886 4
597 746
986 475
651 719
672 501
101 847
633 370
344 324
649 451
639 908
962 895
557 9
884 440
634 944
135 818
421 636
649 643
599 337
1 193
512 409
837 810
472 676
538 743
206 970
655 961
837 830
42 563
545 66
687 402
795 60
768 624
156 747
389 108
704 409
728 494
288 151
993 139
964 33
724 758
780 586
327 631
565 323
528 785
536 140
935 629
257 761
310 362
23 215
817 844
48 197
767 623
854 975
362 804
56 237
831 522
582 566
525 328
745 544
885 636
359 764
423 608
167 347
510 952
124 4
822 804
838 657
847 991
471 33
277 371
555 397
619 535
371 677
598 151
655 203
382 578
260 165
950 750
611 883
80 561
687 619
940 256
576 11
438 527
679 537
507 820
284 676
785 254
177 368
568 542
586 872
158 116
304 330
108 128
778 524
906 798
773 31
585 279
297 309
956 240
78 467
579 979
496 763
781 521
548 524
124 656
499 319
470 857
843 332
81 602
661 818
834 473
832 612
652 960
956 519
37 193
103 756
513 671
407 116
96 665
954 183
254 249
244 345
672 808
723 626
384 543
887 179
936 291
891 589
622 751
132 721
435 180
454 940
396 861
197 41
84 166
95 359
968 143
200 984
330 933
886 253
419 740
185 676
103 835
51 607
909 912
910 41
504 362
304 676
145 653
202 125
56 489
617 690
246 850
996 863
977 676
193 312
383 287
39 174
447 512
848 187
678 148
789 673
171 986
398 45
627 356
333 772
635 253
199 422
677 547
508 698
405 764
281 848
918 76
791 82
340 369
917 591
889 678
1 412
966 366
75 140
444 625
843 374
399 342
635 850
501 324
417 562
60 804
873 908
533 844
775 614
500 208
396 371
408 196
772 623
779 371
91 79
355 782
621 344
634 444
907 5
251 854
915 405
869 897
49 379
126 712
741 814
878 429
679 211
89 122
68 172
581 100
621 10
473 668
271 944
103 862
382 468
526 394
68 646
474 268
275 132
674 148
667 489
12 611
670 804
389 987
29 916
406 501
890 39
15 18
914 111
617 622
569 146
563 795
248 610
706 274
795 294
234 288
430 301
579 12
731 145
188 956
778 858
90 312
634 797
365 78
240 934
594 177
606 225
762 390
695 808
430 264
968 549
945 513
353 156
528 116
673 77
796 780
542 436
724 354
972 456
950 78
733 542
112 611
43 899
627 665
96 450
31 756
108 188
198 610
2 968
858 328
186 717
37 339
185 825
321 307
725 543
714 286
384 689
957 764
571 188
681 772
416 799
301 207
945 875
386 883
212 538
222 753
819 208
603 734
387 174
177 366
89 789
756 225
4 685
392 402
936 123
97 42
494 442
171 410
179 708
242 511
482 281
638 152
519 753
549 261
43 858
14 671
695 539
319 288
443 122
180 373
207 108
800 663
786 220
729 108
40 387
777 854
557 370
926 959
90 896
553 541
805 721
575 43
966 67
156 46
344 960
74 245
566 980
593 387
923 696
224 70
456 804
548 387
559 707
435 166
503 295
457 514
343 254
254 371
736 814
258 890
531 600
320 93
582 920
120 456
711 590
835 140
998 971
699 568
609 400
684 581
829 608
410 633
601 789
846 125
386 885
289 104
996 254
334 378
610 109
365 129
504 489
96 382
900 303
980 78
329 344
426 539
116 275
379 397
214 167
447 574
832 612
961 143
664 771
606 256
931 844
897 817
181 126
913 80
933 410
150 11
210 964
479 221
134 220
391 138
738 86
198 571
725 653
564 539
964 406
378 943
401 45
907 904
222 745
586 794
355 848
643 88
904 29
393 565
49 972
129 958
623 952
339 952
248 642
867 540
175 787
558 604
110 252
43 125
681 617
282 323
725 354
520 205
984 744
380 218
124 544
412 823
603 978
726 18
400 45
475 689
814 567
341 600
138 915
737 36
481 173
53 161
811 549
547 708
90 373
524 275
447 16
627 676
786 969
710 37
71 653
8 777
218 694
416 950
714 737
261 338
333 989
738 815
84 577
69 760
496 808
590 65
793 285
680 576
999 24
736 282
313 919
126 65
387 515
463 200
364 513
347 101
92 387
319 237
152 232
684 86
341 522
551 207
236 401
4 506
795 552
493 672
811 237
994 363
786 668
370 921
753 199
445 319
267 173
816 257
259 102
145 710
628 361
104 198
295 544
489 602
512 853
761 644
638 590
112 269
716 527
594 539
649 836
773 277
392 501
396 572
26 540
468 344
179 252
865 475
802 325
214 654
124 903
426 50
371 879
493 98
455 849
57 282
900 679
240 837
921 925
229 882
106 215
601 291
942 901
199 7
236 671
74 708
610 182
464 908
486 899
987 889
636 696
599 335
552 996
831 47
488 372
612 658
276 441
303 2
251 904
496 389
690 716
683 780
874 303
748 801
483 934
280 259
768 62
248 998
617 502
548 749
21 467
636 21
159 430
798 518
191 892
719 103
650 929
795 949
17 101
787 182
636 776
724 890
982 207
868 91
32 544
869 126
177 948
447 349
242 63
385 153
535 260
425 136
363 598
404 645
162 691
384 64
269 580
621 319
281 153
700 14
532 327
57 788
520 324
717 269
555 777
951 898
445 343
481 81
638 122
346 651
22 893
33 115
364 692
532 256
353 839
983 648
646 775
658 799
279 138
848 216
655 965
261 572
416 791
675 480
668 184
773 334
798 494
778 167
233 386
606 980
344 561
768 4
658 619
474 575
474 496
55 805
908 695
846 883
947 240
756 566
125 165
495 718
276 712
836 879
952 460
694 593
841 82
793 738
75 819
57 43
937 857
861 254
805 440
775 10
46 340
488 386
200 142
34 245
985 436
499 995
253 734
324 375
60 320
841 710
299 886
124 188
245 33
631 732
178 353
474 398
824 844
464 985
424 906
936 205
729 275
163 570
582 808
783 53
359 122
557 239
687 819
388 640
255 727
843 191
454 164
210 132
309 218
678 646
520 709
594 720
580 336
289 382
722 918
217 796
697 903
239 789
819 244
560 961
800 912
812 735
801 635
115 750
413 285
516 221
439 388
284 524
741 565
701 514
545 695
985 493
502 920
911 199
135 686
584 610
81 854
978 836
663 69
163 625
405 54
794 273
102 505
596 446
898 41
773 17
430 252
431 745
53 103
87 236
711 392
280 861
508 60
559 57
573 575
395 25
19 58
913 813
705 566
738 465
332 944
912 59
222 578
422 832
927 654
185 294
237 308
121 75
631 427
952 921
665 811
269 245
837 71
371 687
215 319
988 964
214 832
401 62
939 537
918 940
534 447
343 776
205 823
217 633
579 639
414 606
613 32
307 387
268 743
87 813
107 212
90 113
70 465
24 898
731 363
445 839
132 346
416 508
910 907
910 591
140 479
489 341
239 743
691 597
734 377
821 991
281 528
374 779
416 812
930 389
719 705
700 253
452 985
152 986
47 204
454 397
516 745
578 225
177 173
583 839
489 392
824 260
677 222
811 571
810 14
234 580
524 855
922 173
612 337
120 212
427 254
361 198
391 198
669 950
32 912
727 640
205 954
40 824
604 911
357 203
985 172
214 810
498 693
578 939
579 573
566 596
36 384
130 59
133 847
312 903
27 911
730 462
518 95
67 372
130 222
696 970
871 725
35 5
543 431
895 181
905 178
508 281
340 172
821 969
306 508
870 593
759 542
605 736
89 933
739 726
372 487
338 301
189 640
923 571
4 660
522 779
695 24
267 876
964 737
720 903
908 303
169 736
134 278
476 127
566 459
630 327
211 746
492 245
514 477
275 793
653 87
199 570
434 156
904 743
125 627
217 818
448 169
43 686
1 755
469 404
697 705
473 660
174 787
33 186
478 370
532 158
137 218
183 969
761 997
428 974
233 965
435 790
35 751
354 357
975 846
853 723
81 755
905 577
583 438
909 210
103 226
713 690
598 964
283 484
177 973
210 733
591 389
740 132
89 783
293 547
655 892
680 861
549 840
399 218
308 373
6 953
483 33
465 634
650 439
30 612
753 261
132 956
862 532
180 75
681 22
314 415
322 935
918 632
546 658
293 860
648 262
497 447
967 414
774 434
830 267
659 717
436 113
43 921
603 384
808 734
429 628
766 920
403 183
737 753
268 351
902 785
738 762
934 304
719 2
622 47
514 949
437 398
729 671
554 870
220 313
712 916
32 997
8 681
387 314
594 911
993 738
27 945
19 251
360 773
461 274
59 361
902 66
42 382
212 808
806 470
883 130
625 747
847 423
69 456
690 63
511 53
630 325
965 469
18 935
938 580
788 911
790 497
657 583
248 706
518 73
998 478
882 704
240 55
814 878
333 368
630 275
206 103
814 155
884 63
950 417
729 444
243 908
995 383
696 474
754 787
250 276
947 488
903 778
714 378
773 875
320 165
293 879
765 437
116 37
914 896
803 797
529 956
1000 238
914 410
970 147
947 798
404 781
98 814
343 426
882 416
116 487
742 243
921 446
663 320
746 971
831 178
579 45
953 89
779 850
895 905
736 654
52 651
135 715
310 600
597 119
305 898
501 848
277 150
842 614
687 391
359 851
917 908
191 633
404 362
280 312
501 589
927 677
743 221
836 195
64 465
313 438
517 194
158 682
495 941
722 33
500 451
419 713
973 206
939 279
644 1000
381 47
785 927
901 121
96 927
525 648
25 560
664 659
684 75
449 859
218 332
506 19
13 15
737 24
679 957
201 726
904 840
184 584
815 669
187 6
886 769
3 606
889 549
934 748
317 189
441 357
133 348
545 976
499 242
603 366
937 752
415 134
590 713
801 885
534 133
372 904
145 268
823 888
627 715
245 407
351 196
746 532
490 25
200 672
967 875
108 903
203 779
103 778
601 147
139 97
268 435
918 963
983 519
372 437
326 793
291 689
9 158
230 888
43 862
387 829
52 702
393 831
461 768
928 561
46 527
575 590
604 909
668 659
644 182
68 893
218 668
25 934
147 864
560 997
415 190
249 783
899 523
302 193
683 306
246 142
787 139
249 961
569 97
732 558
276 729
816 651
627 410
246 628
190 168
944 113
596 58
418 231
892 146
381 682
779 107
576 264
487 17
440 337
733 784
597 732
42 120
456 956
12 886
467 895
739 470
878 950
700 717
482 741
148 113
898 384
469 967
965 167
790 450
462 365
716 210
383 488
726 467
714 57
230 937
667 470
849 478
646 830
647 274
792 751
59 484
851 1
727 989
473 696
25 987
456 329
161 539
145 397
286 641
77 382
164 689
249 683
776 901
760 578
707 39
154 972
120 411
922 120
381 5
73 336
449 331
233 294
158 254
360 166
261 389
284 409
468 709
499 135
799 610
147 110
536 999
858 238
769 413
765 63
52 434
257 74
279 342
714 281
437 508
55 294
953 865
196 257
838 630
2 754
193 862
446 303
869 905
281 348
866 602
93 644
452 600
464 203
634 109
741 692
600 937
741 856
781 949
868 680
679 964
863 808
704 432
35 47
513 979
913 910
942 510
44 819
671 295
166 483
869 998
628 872
805 204
293 24
983 969
677 18
688 88
968 930
209 48
588 709
920 195
767 385
795 23
341 7
30 371
916 546
259 220
697 146
38 503
406 818
507 62
459 544
571 705
14 370
659 381
135 876
860 587
235 98
670 400
115 334
379 538
832 270
384 887
243 632
229 911
795 54
345 30
168 44
182 126
4 532
351 246
612 248
693 251
71 52
571 222
640 128
740 810
866 122
805 570
197 224
686 507
815 369
516 58
907 917
250 571
318 579
386 452
228 270
581 302
337 469
408 904
138 777
401 470
772 627
274 131
73 167
806 763
316 586
642 885
209 531
369 796
390 845
72 214
381 447
90 811
122 410
12 335
693 532
356 553
159 460
991 555
909 219
9 471
509 389
489 275
105 589
495 514
454 374
959 726
893 609
692 666
282 285
438 989
284 938
112 507
705 453
345 952
72 137
304 397
130 942
489 576
187 2
47 322
633 27
776 655
31 273
199 228
255 220
541 269
370 604
606 613
377 966
937 802
969 696
457 458
389 767
970 564
972 522
600 340
237 883
155 203
752 944
702 720
666 859
439 916
788 729
321 287
592 966
993 602
964 967
646 659
968 439
860 31
961 817
382 490
43 451
210 453
672 181
146 802
990 144
351 369
888 740
182 552
935 211
770 466
610 349
770 540
719 331
96 210
985 566
73 427
331 365
819 621
504 433
620 266
322 395
258 17
607 429
565 204
432 860
965 600
689 943
577 944
154 286
90 467
213 343
424 492
4 602
183 320
186 930
723 706
802 226
648 564
82 66
739 850
118 686
765 184
925 429
903 917
994 74
355 29
961 302
441 430
669 902
672 311
54 897
624 402
388 853
331 162
158 796
369 532
563 909
916 600
998 249
544 927
135 780
650 965
937 547
43 469
354 332
66 458
773 126
155 528
219 228
455 3
334 626
273 332
603 93
511 996
554 487
192 308
184 273
10 803
770 924
973 307
162 513
847 89
842 609
108 559
513 96
711 263
779 193
208 972
314 235
781 258
333 952
604 455
571 498
305 574
72 793
325 985
731 934
841 954
238 603
16 261
644 965
388 214
899 496
790 801
530 661
79 77
795 224
482 85
45 694
727 874
875 716
465 520
387 464
557 597
58 534
504 436
962 915
775 170
260 596
784 958
102 217
7 513
718 469
472 60
494 842
125 965
432 736
202 802
490 624
437 412
704 448
126 458
661 25
416 720
308 905
864 15
416 138
922 372
913 554
249 549
25 825
360 254
235 466
13 986
958 287
722 804
192 613
599 384
328 411
158 713
112 351
627 250
565 65
237 289
157 617
165 969
375 322
855 180
86 361
113 870
548 678
473 690
297 847
64 491
995 804
964 743
684 979
255 318
569 752
329 992
189 272
614 182
834 409
351 993
461 697
987 717
368 785
270 72
467 470
674 403
723 663
118 566
367 712
354 660
476 934
510 951
977 61
996 719
252 282
539 69
59 546
528 496
511 566
487 260
964 218
936 664
241 768
770 971
883 198
398 156
822 740
793 966
590 58
586 693
515 980
272 987
81 153
659 779
263 940
311 870
322 983
459 903
903 153
441 680
797 48
788 572
501 933
220 852
841 361
270 901
179 27
720 290
827 519
120 58
270 779
448 158
862 246
211 347
292 764
130 265
45 473
910 598
136 491
508 665
563 494
280 672
405 389
805 151
921 782
767 342
679 2
735 705
58 598
548 884
281 607
575 670
761 764
589 928
79 645
451 724
411 981
323 494
136 911
526 1000
927 318
993 721
844 620
178 519
587 525
41 828
670 780
182 753
729 227
264 199
526 746
440 306
142 155
306 378
264 800
675 180
249 264
324 376
949 311
350 389
238 943
192 527
859 934
345 403
191 367
556 105
371 960
109 947
573 791
58 598
853 511
112 670
187 216
682 979
277 888
102 392
521 682
513 874
354 509
291 347
397 935
200 168
210 976
188 602
406 442
993 282
272 874
758 114
368 966
609 763
41 486
275 842
584 763
575 360
558 261
16 117
896 603
405 978
215 526
998 698
895 241
396 220
79 560
952 127
358 319
805 408
648 653
234 72
522 346
204 700
655 187
587 386
37 529
932 795
192 195
141 591
920 556
320 234
701 363
600 465
684 179
806 849
782 640
297 700
55 97
505 436
387 261
857 784
93 874
786 864
975 957
61 176
208 572
956 526
982 59
898 681
692 518
616 375
544 587
648 378
860 696
397 72
779 573
363 789
583 647
565 857
460 865
647 653
582 804
716 26
868 568
112 844
351 410
29 952
143 858
752 178
388 878
529 993
51 786
580 596
648 955
680 359
221 919
636 755
913 359
728 419
80 267
186 164
881 405
88 841
608 609
205 561
385 886
498 765
683 889
21 256
833 58
223 940
465 243
989 831
719 101
555 228
680 145
467 409
186 842
624 318
579 862
970 684
569 262
269 438
7 232
595 438
534 853
60 690
969 104
593 926
338 358
297 233
351 832
115 949
363 268
178 228
331 968
362 534
28 803
723 24
636 715
583 339
431 955
420 790
616 187
616 558
446 566
85 734
592 807
844 497
36 447
637 128
711 646
669 441
367 778
653 596
858 602
662 301
107 521
998 2
861 381
105 335
359 612
233 913
727 623
169 289
43 810
308 208
687 123
148 728
146 231
413 428
114 432
534 604
610 591
227 574
214 867
757 301
602 131
63 145
741 92
754 61
200 563
869 163
263 993
970 500
467 646
50 791
83 104
417 354
758 452
155 517
223 327
388 894
115 573
653 233
566 150
873 451
930 454
530 213
589 137
710 537
447 890
223 363
754 683
465 670
427 821
530 577
581 787
361 667
854 406
328 800
422 957
250 458
897 551
932 950
678 16
445 339
445 488
405 781
583 37
55 745
706 796
972 947
888 377
504 776
968 869
584 729
992 893
184 324
802 303
819 604
246 899
205 25
421 151
405 789
885 884
419 610
921 163
884 542
222 314
280 506
684 220
224 549
754 221
427 230
642 229
63 509
720 679
683 30
600 402
356 526
274 821
642 448
796 79
514 284
85 794
800 332
167 567
470 53
934 249
166 920
517 84
597 563
195 701
944 238
707 222
330 29
951 652
873 974
950 912
606 238
382 445
142 24
711 569
605 801
858 617
260 839
740 28
715 169
969 611
762 556
741 164
959 94
663 957
318 837
789 329
271 183
981 457
311 410
461 829
114 388
453 76
792 572
354 117
147 85
155 16
159 354
922 210
406 213
361 695
948 617
430 809
534 141
99 558
152 248
568 892
204 872
493 156
565 328
954 570
765 294
65 922
277 964
562 735
76 805
196 145
762 1000
574 886
706 18
669 883
671 96
198 369
828 695
219 846
938 355
680 699
542 2
913 766
621 437
105 589
613 20
943 887
411 39
952 483
14 680
542 252
439 205
876 51
54 964
924 506
278 445
832 894
74 757
858 606
255 547
124 700
61 92
104 175
708 231
593 673
303 943
543 85
394 37
709 453
664 954
748 687
184 780
611 717
310 142
566 624
750 933
674 817
675 961
733 532
865 325
721 803
548 722
922 532
394 234
714 915
237 745
561 380
221 597
925 97
454 642
568 895
611 561
378 224
590 587
720 826
22 789
604 609
387 312
374 978
350 867
854 306
64 484
215 521
767 44
885 658
614 946
533 847
580 841
59 672
517 3
960 291
304 22
522 778
147 1
93 825
77 993
37 889
485 416
812 120
596 912
175 85
512 914
722 992
661 955
360 9
130 954
104 472
392 262
546 256
939 879
137 866
375 355
43 939
159 637
421 844
436 40
797 206
418 979
445 25
728 476
728 118
336 519
710 734
944 456
409 538
810 232
710 795
660 250
643 389
533 499
740 715
489 812
265 98
779 403
233 106
677 562
263 627
44 247
292 626
674 170
160 564
394 919
154 458
929 164
673 993
56 500
962 627
623 412
151 294
83 793
783 920
599 650
125 498
563 84
103 600
316 35
835 397
127 3
929 95
647 252
979 306
120 782
767 28
917 27
207 659
925 713
104 29
951 95
46 919
47 550
316 63
859 473
946 587
31 915
510 974
348 336
539 124
708 774
173 59
868 228
696 328
773 751
399 585
44 3
268 261
680 464
262 893
218 627
324 946
134 883
967 393
302 235
140 994
75 840
954 717
88 905
560 990
415 916
116 37
325 482
831 242
998 2
497 272
138 858
780 682
835 664
300 809
279 391
813 446
829 511
648 423
53 845
255 401
802 222
713 792
298 199
556 287
829 487
777 783
401 404
67 568
381 387
262 575
539 46
518 7
141 607
786 570
765 541
87 293
990 823
54 795
86 678
4 168
498 546
295 13
602 799
572 889
248 135
64 189
3 428
879 517
596 898
94 877
117 743
791 881
777 92
777 966
197 216
989 447
866 320
724 784
837 947
402 431
255 735
403 453
702 933
342 224
854 20
676 807
355 861
834 255
915 98
889 208
746 175
299 400
33 661
709 761
857 618
698 165
54 735
416 79
74 554
919 647
693 480
596 371
543 924
210 418
922 489
799 168
859 10
680 962
923 515
89 818
469 408
232 392
537 314
557 251
788 638
76 140
704 146
16 797
770 601
971 598
224 792
394 281
977 118
230 994
193 185
846 47
175 743
533 670
394 57
625 398
942 373
67 634
437 149
840 611
965 218
107 154
785 828
266 140
727 855
395 977
103 905
839 122
415 419
843 60
121 725
17 108
328 151
138 433
708 129
755 617
421 824
77 374
408 661
475 606
59 269
192 164
433 830
672 415
409 866
174 499
56 571
768 535
583 705
89 642
804 667
509 841
578 450
533 320
532 665
811 916
367 732
272 813
501 247
904 802
400 90
179 312
770 53
261 273
302 48
326 220
175 487
524 224
865 432
34 269
108 643
340 200
116 824
619 57
42 947
767 227
418 489
74 817
774 122
879 170
409 478
446 352
628 764
10 180
937 814
942 249
591 28
382 959
511 470
951 814
815 546
920 803
384 725
399 779
534 133
603 790
310 487
914 110
191 592
155 394
816 68
548 728
34 68
744 797
936 304
729 26
742 123
407 925
566 70
494 521
9 556
481 919
362 334
947 985
347 425
316 913
296 202
619 664
143 685
532 859
960 994
84 541
232 219
593 441
233 2
807 327
706 413
420 185
620 357
18 554
918 228
306 551
34 322
65 181
333 535
448 139
240 280
587 417
206 574
633 621
591 171
277 167
804 37
538 957
807 582
512 503
590 500
796 353
76 273
560 503
521 577
226 776
930 248
784 606
285 586
435 551
175 376
337 399
237 469
93 608
946 490
228 592
535 326
666 17
237 323
492 301
413 227
922 632
154 570
954 361
868 698
219 47
750 986
956 524
805 966
138 923
851 239
829 524
607 703
685 113
101 636
1000 485
432 907
315 150
981 93
856 28
952 971
53 750
541 871
707 368
773 695
25 503
161 955
457 342
905 712
711 521
316 228
448 978
793 172
664 652
560 216
237 284
591 966
392 929
960 554
897 477
887 913
41 250
219 381
376 102
818 219
66 106
356 476
65 350
132 32
674 146
983 146
565 405
569 409
5 857
821 942
600 564
606 605
639 880
899 40
725 954
102 742
76 800
817 943
312 564
353 785
424 84
313 959
763 186
333 239
894 651
408 390
73 865
581 724
347 124
759 539
837 745
709 512
208 19
161 546
993 189
390 166
177 392
156 877
97 990
73 877
224 362
173 740
595 507
54 499
911 686
388 979
813 870
73 196
632 323
831 942
235 994
957 461
242 902
907 14
481 73
834 902
730 321
403 801
432 197
52 279
523 328
981 516
235 814
662 681
525 999
950 334
544 896
972 206
158 224
668 764
37 289
945 123
442 265
546 622
600 846
268 903
789 575
588 402
599 975
741 927
624 630
143 136
248 770
494 464
238 660
887 839
313 470
733 10
168 599
532 576
906 677
589 471
721 104
311 346
493 185
857 850
923 799
572 308
182 437
284 600
469 369
563 353
79 919
268 323
153 720
364 786
903 698
411 150
313 179
388 540
834 402
122 870
973 283
604 628
480 35
839 673
665 105
853 261
574 774
942 738
464 543
170 315
977 545
280 344
44 519
801 614
109 669
917 462
847 987
209 814
376 418
361 549
545 227
59 655
879 158
671 864
139 608
270 281
964 764
809 997
513 238
323 625
964 247
145 644
147 693
908 491
897 304
713 96
410 448
87 324
1000 132
915 377
67 866
464 333
659 998
539 711
717 902
26 433
447 799
912 147
281 411
640 823
778 222
710 498
391 455
985 354
826 547
471 936
494 658
906 961
911 312
487 123
234 636
181 252
158 28
469 633
62 25
957 940
220 474
527 62
272 225
14 984
650 631
461 933
968 767
112 821
616 218
411 259
323 477
697 793
1000 788
150 34
852 860
165 71
401 241
527 719
17 380
804 543
178 368
436 399
63 618
9 356
824 689
71 840
593 949
911 585
422 593
635 476
603 621
413 971
49 301
957 202
72 995
865 605
131 228
210 312
597 264
303 452
495 394
817 254
738 294
631 737
110 741
193 980
482 941
665 78
210 98
679 570
178 73
229 817
863 589
717 90
256 398
822 304
849 14
296 808
882 589
48 897
142 176
218 450
167 813
448 942
89 60
497 557
125 185
685 791
391 723
198 676
878 594
650 48
975 556
448 339
272 790
607 884
785 343
834 671
813 674
550 829
821 792
150 162
857 267
309 203
967 590
137 66
626 455
516 459
839 941
514 784
291 946
886 179
622 76
543 194
669 44
901 858
806 114
671 52
673 308
12 687
602 572
80 361
39 626
347 498
158 749
655 831
619 935
719 449
594 284
562 277
338 896
761 983
586 858
398 834
267 520
235 998
646 167
141 744
782 235
273 520
957 746
427 827
375 225
933 66
57 304
176 819
65 161
819 816
559 494
952 438
294 577
683 7
403 567
528 935
504 383
178 843
828 879
363 255
706 451
709 114
909 325
797 135
385 914
878 263
847 546
832 474
709 794
440 530
633 113
911 930
791 371
742 587
114 88
759 502
640 365
48 456
431 903
443 428
6 509
818 863
236 364
28 717
297 314
710 556
320 326
433 350
823 205
27 504
913 656
683 593
660 114
883 249
612 132
397 299
940 100
531 197
781 62
101 483
190 386
171 422
874 904
798 371
330 303
889 946
271 811
668 277
973 865
847 239
394 174
653 583
455 758
166 548
786 103
920 128
451 551
325 772
844 404
504 117
246 144
134 519
354 812
200 119
111 222
955 431
823 30
489 704
449 350
986 925
137 123
293 583
299 840
329 157
469 32
142 96
962 564
395 590
754 800
622 347
328 198
78 512
741 163
453 410
823 577
148 127
920 498
519 945
522 41
817 572
987 629
28 852
643 734
503 618
179 635
167 349
727 32
423 556
452 395
780 317
600 936
834 997
16 653
775 5
100 567
331 870
421 776
381 985
114 444
130 588
995 444
704 852
110 541
438 278
338 562
544 673
992 125
561 95
936 715
341 381
962 747
97 442
375 781
911 535
324 354
412 561
172 763
830 534
785 91
596 543
951 182
878 228
636 41
739 260
701 252
558 822
64 56
825 287
953 577
287 3
427 601
335 651
476 528
667 929
306 363
745 924
875 522
111 170
265 187
115 509
607 970
120 733
24 599
855 350
415 419
908 329
785 752
409 309
485 936
255 787
684 718
288 267
60 876
628 121
164 180
591 384
530 152
370 587
118 885
799 314
393 196
911 251
252 391
801 331
651 427
118 864
394 442
519 216
123 23
836 55
323 730
727 790
759 620
190 90
52 585
968 599
354 563
492 590
309 252
721 30
711 611
114 610
697 20
524 266
387 819
468 746
255 995
34 854
670 676
647 350
436 10
85 57
716 67
816 546
725 437
938 924
88 938
520 107
250 325
336 681
222 637
48 995
273 126
581 996
595 956
234 190
770 557
617 965
712 559
593 586
530 898
363 518
640 265
580 761
787 517
737 968
407 479
722 791
270 159
130 228
34 727
276 639
321 947
791 586
10 979
568 744
94 929
145 599
86 379
493 424
764 950
597 932
425 471
591 754
852 819
864 86
830 987
123 69
793 451
914 868
875 135
960 828
914 420
44 610
596 65
273 174
615 361
343 546
560 794
191 63
898 784
521 665
257 431
685 118
105 31
204 111
444 629
422 488
458 902
527 356
735 456
749 861
763 474
736 310
234 796
897 951
17 209
731 993
705 18
388 99
244 872
121 837
804 33
527 55
593 722
983 776
928 423
81 354
937 263
896 866
752 74
820 227
489 890
838 766
491 621
119 160
896 851
449 811
870 904
160 308
56 112
261 244
286 919
461 432
607 60
405 985
978 823
476 531
182 817
519 77
133 150
391 612
961 711
525 48
857 238
266 573
387 31
758 618
565 552
174 463
358 883
648 914
987 956
158 467
394 41
714 648
83 573
508 138
668 621
873 402
167 726
915 733
518 361
259 314
987 595
682 788
686 222
6 895
110 199
799 498
739 322
87 622
881 228
243 40
805 20
54 121
490 619
972 749
648 436
187 61
352 694
906 650
532 61
799 868
392 362
993 43
864 291
94 742
972 977
967 203
276 501
449 795
120 209
479 593
856 184
678 564
170 110
849 182
177 909
355 849
206 452
170 774
514 957
486 520
471 814
14 711
504 947
639 525
219 449
914 625
217 579
994 762
842 988
89 9
781 337
289 803
285 722
636 875
556 659
721 956
263 88
882 18
294 918
90 914
753 280
479 992
981 723
946 610
534 981
577 784
971 453
833 66
915 732
297 947
228 802
308 361
843 870
157 125
480 942
400 803
423 93
10 521
754 440
262 992
743 89
122 46
599 584
430 736
653 565
799 497
177 517
340 555
521 785
90 299
689 315
291 214
596 768
355 775
10 993
998 376
990 623
513 572
820 811
2 254
185 147
43 26
902 487
580 504
292 377
401 190
573 80
679 504
339 919
66 902
25 282
225 748
955 698
887 641
385 335
128 969
524 149
763 128
463 915
941 374
41 10
386 185
826 73
205 314
137 562
377 783
842 357
903 602
75 51
719 330
223 11
768 309
219 941
85 181
187 646
431 376
765 340
234 99
26 74
955 827
337 175
369 161
186 762
534 224
673 743
321 637
78 488
758 138
599 82
575 593
69 48
944 992
118 868
380 985
1000 761
852 261
219 43
579 604
87 885
140 512
24 284
444 643
576 686
240 873
470 588
345 618
385 836
948 636
905 978
459 584
21 138
987 418
349 131
31 494
303 85
996 75
575 553
68 410
625 221
224 55
756 767
461 513
341 34
947 4
421 639
823 287
399 534
717 382
838 688
601 621
373 478
957 284
946 679
189 758
576 207
947 853
252 587
722 203
720 831
549 655
935 725
529 865
852 644
841 128
53 508
372 909
317 343
358 930
479 916
575 475
183 858
125 412
126 163
220 101
496 686
678 602
632 930
137 395
269 208
892 77
174 836
618 826
39 932
387 555
50 165
342 537
622 479
460 641
55 460
452 228
162 967
503 367
7 545
611 458
778 242
879 707
282 764
395 81
658 535
780 757
973 982
430 304
99 82
38 372
171 12
994 279
108 209
630 69
546 207
682 9
222 352
983 428
683 484
605 514
27 284
325 467
213 455
112 223
694 738
909 483
775 479
485 502
813 624
248 458
545 965
666 65
36 477
895 453
810 721
665 200
885 72
403 977
602 247
547 532
609 576
921 355
529 483
276 762
195 297
560 183
528 288
569 394
375 352
703 629
1000 54
265 423
11 349
323 210
755 697
568 49
469 969
610 402
745 279
398 568
397 987
414 604
313 755
804 902
854 906
935 845
953 662
11 516
401 884
568 727
784 577
655 120
890 479
182 438
683 319
675 402
964 204
490 309
136 606
352 385
31 505
771 987
934 794
489 773
708 745
79 307
555 260
623 490
83 47
161 616
228 9
920 308
783 3
489 849
44 443
400 342
682 811
26 1
842 27
746 973
393 127
384 583
892 146
250 271
398 320
391 803
115 480
442 274
780 346
759 922
980 497
650 82
222 534
143 818
364 401
872 160
348 768
277 721
625 571
603 815
305 959
370 352
677 253
910 872
319 173
348 981
161 755
728 764
431 715
251 139
148 911
853 366
51 180
841 782
121 102
241 130
705 443
535 121
847 90
30 511
999 562
629 576
335 558
612 653
224 491
900 858
430 493
341 245
987 770
474 62
124 724
898 935
668 325
638 383
245 743
436 977
289 791
274 870
50 826
844 171
935 586
84 906
835 513
304 951
904 805
671 136
441 548
686 950
206 987
443 95
68 164
30 884
631 195
288 933
791 685
650 405
185 760
285 933
711 673
508 55
374 381
518 550
124 191
661 384
180 994
800 716
905 759
226 929
639 925
813 678
168 453
428 780
411 715
236 154
599 295
211 811
743 632
329 626
652 759
716 340
765 414
398 122
389 330
302 956
987 100
344 390
145 518
423 89
192 738
482 340
503 168
840 54
981 69
586 321
199 526
200 708
391 151
708 255
331 105
36 14
246 610
330 778
248 932
42 758
37 770
208 747
458 821
482 691
800 390
781 104
156 174
927 996
643 769
969 625
246 337
562 44
640 529
275 503
107 625
655 509
682 571
781 356
885 779
817 940
129 509
741 875
497 365
997 211
357 595
281 935
146 249
289 144
590 929
800 763
168 765
354 595
243 572
183 885
349 631
805 319
535 454
257 230
213 324
303 757
306 328
450 627
881 238
129 634
307 690
14 842
393 166
627 145
657 50
51 740
596 804
642 805
751 581
86 467
382 223
970 998
71 22
393 614
578 704
905 272
498 962
659 565
190 493
173 433
985 338
323 240
371 428
351 310
893 410
442 49
634 131
762 804
670 987
819 831
36 353
109 671
510 834
206 503
717 62
425 417
418 458
551 858
59 996
543 999
703 238
170 923
41 11
603 899
26 588
939 192
292 779
373 147
58 624
729 39
166 582
27 67
370 726
264 230
886 608
121 150
410 631
503 126
318 678
944 950
531 238
870 267
364 565
659 774
741 802
533 928
573 690
574 857
324 784
847 544
719 774
664 598
997 646
360 92
673 63
393 179
856 891
647 320
604 118
94 981
781 923
674 121
628 761
471 518
648 798
571 834
700 599
121 557
479 254
710 404
242 4
803 627
387 891
303 924
640 680
379 16
465 842
283 530
644 646
559 34
976 806
573 628
136 437
608 178
428 639
349 554
520 796
720 90
780 494
171 701
194 390
232 942
51 562
920 746
411 748
872 428
613 810
366 651
923 875
493 444
525 900
38 426
444 732
315 473
503 120
436 50
589 979
352 105
363 689
165 981
298 353
152 438
780 585
845 118
89 561
238 78
131 9
594 426
323 758
48 282
985 429
393 678
320 662
203 814
709 891
899 907
558 555
835 304
118 65
905 89
962 392
688 43
238 970
854 355
315 407
770 755
827 597
540 274
468 894
263 903
224 193
11 22
857 484
5 119
220 160
895 599
448 77
694 835
848 131
303 327
848 99
842 812
686 714
844 484
294 481
604 398
618 954
875 879
625 455
389 783
856 462
906 388
226 235
7 808
802 424
831 990
412 300
889 945
632 742
909 146
773 27
431 940
558 993
213 527
410 510
902 788
312 673
569 799
597 834
445 525
313 94
12 341
223 19
990 755
147 608
677 374
760 395
399 838
1000 115
153 921
295 375
67 377
672 47
544 905
285 356
665 263
141 823
931 649
885 118
699 746
13 785
787 605
933 905
130 147
419 646
804 332
83 735
749 859
240 500
844 202
262 577
265 338
189 477
189 744
372 663
265 282
301 697
725 635
251 944
209 285
987 719
449 507
939 27
144 261
534 903
555 936
306 286
147 655
660 856
22 908
861 214
484 193
703 55
784 179
810 504
587 763
169 380
954 702
322 36
915 501
261 455
519 979
779 292
855 466
44 79
812 360
478 721
215 996
934 886
282 198
777 930
923 124
498 107
783 444
883 775
149 943
811 414
650 580
101 504
387 524
723 56
307 594
40 175
887 548
796 276
591 986
775 489
767 13
250 94
682 418
773 495
996 397
973 850
531 255
735 73
42 14
612 127
452 46
12 186
404 884
838 7
80 779
684 362
577 964
709 714
182 179
947 224
822 967
438 469
698 334
943 145
332 444
613 855
987 866
664 686
7 316
27 523
643 397
461 115
348 535
904 711
428 619
136 837
120 940
171 815
989 586
38 330
799 997
656 796
126 686
979 487
396 937
944 57
44 100
181 879
33 609
53 33
773 664
422 338
774 790
782 434
676 538
790 179
507 227
82 394
710 170
984 715
665 110
710 753
145 66
2 963
8 848
670 661
663 408
642 30
735 383
600 769
514 444
293 486
281 716
605 819
873 802
546 318
815 410
777 889
237 445
485 563
346 147
88 4
579 541
758 871
979 803
184 198
669 610
485 895
991 697
231 973
93 492
618 47
398 906
345 692
784 214
238 581
359 277
844 889
896 358
954 396
974 235
272 705
856 693
82 509
765 764
664 51
773 534
861 366
304 938
306 597
109 111
585 300
914 517
442 76
149 415
285 883
588 253
694 580
672 192
223 554
932 453
392 710
102 436
593 258
228 991
728 254
722 68
633 539
218 526
101 447
681 738
831 233
602 870
635 376
863 713
391 528
778 142
532 824
997 941
600 993
714 170
788 615
699 215
652 684
166 638
188 60
165 429
114 755
713 766
981 691
618 713
170 129
361 663
27 598
581 329
299 966
382 134
762 891
441 539
215 43
670 843
232 457
909 659
286 98
748 189
48 22
677 808
297 264
222 669
983 125
55 377
891 89
989 656
881 388
753 267
762 964
754 380
928 170
6 11
754 971
33 34
440 302
10 831
615 101
350 852
482 861
697 535
552 667
370 398
814 889
350 384
18 973
540 691
416 599
897 40
390 354
924 966
559 436
158 27
251 44
968 344
948 811
799 35
141 657
942 809
14 518
697 560
382 351
423 911
218 46
395 419
97 385
500 470
138 383
605 32
677 366
977 906
808 467
208 679
415 926
236 171
538 800
570 208
766 313
869 735
716 306
757 904
625 936
488 839
318 12
48 669
285 30
511 289
471 446
26 874
309 596
503 92
827 984
232 485
952 980
394 998
424 178
460 23
929 201
18 524
788 643
745 567
485 142
618 647
42 397
148 967
384 549
216 426
636 881
120 996
445 159
394 256
665 705
554 175
465 28
85 441
374 255
797 327
696 851
159 242
888 30
590 566
930 471
896 414
77 130
610 317
220 627
514 217
910 695
760 754
434 460
353 491
112 348
965 924
340 323
847 83
355 521
913 374
112 210
688 932
346 90
859 474
420 675
214 554
102 962
244 788
341 559
62 331
318 90
531 542
82 166
465 846
186 800
510 12
235 299
709 595
697 848
639 30
412 851
803 160
952 672
200 766
26 702
230 60
340 653
577 685
536 699
172 660
193 362
766 295
68 676
88 106
532 422
931 24
299 531
839 689
571 752
139 171
73 15
860 393
250 338
747 974
175 332
932 158
470 704
858 254
412 106
468 89
85 39
620 79
137 273
691 467
68 678
215 192
32 604
417 326
669 916
766 288
449 688
746 221
818 318
829 363
960 522
830 782
102 670
617 953
582 653
104 542
366 702
553 435
577 941
186 215
962 490
976 644
163 603
568 490
386 705
854 232
220 45
204 915
851 147
552 178
14 576
592 60
331 481
537 984
652 934
283 243
242 956
654 930
420 15
212 540
805 189
390 221
248 660
238 73
923 513
620 129
802 50
842 324
146 257
422 571
927 36
400 561
991 962
6 90
540 691
782 145
81 923
79 675
364 827
694 627
688 891
945 113
622 656
597 267
757 971
455 820
965 107
125 869
590 81
212 692
236 320
526 659
204 706
952 125
659 506
946 785
829 1
459 800
203 394
87 209
240 472
258 479
326 890
179 742
635 534
712 945
488 317
206 613
90 920
230 589
595 74
234 266
639 137
692 794
424 214
424 608
150 162
474 362
574 942
924 547
905 807
213 568
361 513
999 776
636 931
729 436
377 798
507 467
926 530
712 31
71 971
651 422
312 631
173 645
77 847
16 877
363 218
762 285
794 885
712 305
438 4
844 843
900 272
108 939
272 548
374 789
283 201
397 27
778 586
754 588
997 884
919 190
777 799
554 825
327 646
792 946
864 987
311 708
331 286
67 310
53 727
899 499
380 608
682 830
117 854
14 569
287 526
178 864
35 282
4 2
787 808
941 317
909 295
280 985
752 716
394 523
333 163
929 485
76 345
999 836
387 272
239 592
243 536
36 500
261 96
516 657
559 743
27 692
181 762
764 601
78 83
678 375
376 817
192 128
884 109
734 594
774 720
447 969
996 688
332 966
423 725
510 267
241 43
511 683
429 144
961 314
575 844
350 204
512 794
838 166
349 861
236 597
511 195
981 765
45 648
109 423
669 721
107 744
534 877
893 557
636 451
471 977
709 294
497 91
862 594
170 686
421 311
994 505
813 162
868 663
433 581
711 719
365 816
181 177
595 309
327 507
93 656
34 783
606 145
815 382
241 323
277 586
99 804
963 934
251 500
96 297
185 687
48 938
688 524
794 161
969 488
481 867
958 830
903 546
592 286
420 783
802 76
980 646
772 160
23 396
624 947
891 152
188 302
307 171
26 28
311 668
923 757
778 877
104 295
937 742
475 74
596 47
478 305
145 196
823 1
72 909
369 974
232 574
727 59
664 253
360 75
657 526
594 405
582 632
8 256
32 417
290 379
462 905
287 114
921 343
452 482
964 173
25 589
71 538
181 635
832 488
67 618
592 476
633 532
476 730
782 339
314 586
988 209
154 592
569 206
989 637
666 886
985 883
29 324
514 115
798 745
559 672
458 976
609 893
83 613
833 977
479 914
459 432
834 312
969 777
929 872
742 25
476 49
984 149
732 784
628 200
286 200
659 940
247 431
107 360
315 990
745 76
101 252
656 403
554 291
405 954
391 79
728 242
894 94
760 932
20 242
329 782
39 149
958 563
155 132
285 704
978 584
879 14
297 405
70 154
882 674
555 7
668 935
481 988
869 612
853 122
122 724
512 855
360 138
473 717
834 890
709 992
270 823
689 282
719 420
638 999
842 256
845 822
829 130
698 101
506 550
137 923
185 606
988 955
338 255
177 493
876 25
575 581
232 723
23 479
988 177
700 656
433 258
548 243
220 151
703 294
302 261
994 214
43 841
447 861
724 92
152 566
114 857
986 649
329 687
135 274
779 854
979 296
846 213
924 97
986 257
670 940
118 649
971 19
862 622
457 35
566 995
296 243
801 573
873 461
612 292
430 271
301 872
397 202
974 887
498 37
875 831
984 802
925 291
24 828
272 926
494 991
789 610
306 478
526 814
324 822
806 683
347 130
904 388
760 60
795 184
371 552
285 118
350 776
767 96
606 738
580 844
541 937
927 413
765 350
159 342
168 854
980 13
198 576
749 702
272 274
393 719
689 776
970 918
583 640
664 158
117 752
97 823
620 208
959 165
198 406
500 109
125 597
823 441
410 190
28 385
656 359
73 505
220 165
570 900
275 626
300 735
219 646
179 190
355 325
921 640
8 544
811 768
136 867
482 774
923 755
366 424
44 11
950 102
359 136
630 947
720 958
500 624
108 737
525 548
99 454
378 277
877 581
64 33
817 246
180 811
430 477
193 442
352 732
377 742
508 250
707 145
814 332
649 878
318 805
34 174
477 969
968 782
71 20
611 69
811 453
234 65
178 867
344 44
539 355
165 264
74 995
227 85
249 276
902 636
482 783
810 353
553 344
665 996
534 326
677 747
222 819
940 803
595 583
559 162
342 938
642 469
717 338
859 691
725 982
907 181
49 672
907 147
610 483
970 933
665 804
840 50
815 905
775 17
159 899
65 418
891 583
889 296
145 741
92 115
198 614
842 381
921 429
879 417
138 206
46 493
246 83
743 863
468 950
520 870
46 952
295 112
83 959
333 258
721 318
662 189
971 490
789 545
314 38
428 118
717 10
795 531
382 405
508 754
136 861
628 814
397 202
360 312
786 674
26 982
981 518
429 596
106 393
636 599
694 123
467 55
712 633
171 456
137 382
171 50
221 590
812 89
536 501
877 226
64 218
460 788
299 632
673 2
473 14
120 212
741 717
506 840
108 668
161 361
541 937
96 142
680 443
174 584
610 340
404 563
548 503
409 861
144 179
573 553
234 293
559 182
71 286
516 415
797 792
495 351
329 760
547 926
692 722
12 944
882 965
884 424
677 121
341 239
450 667
381 144
198 302
946 918
400 142
327 812
246 843
568 967
308 193
164 755
978 956
400 562
568 660
82 621
959 26
583 243
765 131
149 220
577 639
146 619
518 693
47 649
839 426
615 581
955 152
35 815
651 547
135 40
827 460
657 835
757 170
96 260
347 822
602 547
514 900
991 355
187 789
566 192
805 521
114 168
568 938
831 433
733 310
244 429
238 97
65 903
713 838
224 664
494 76
12 958
329 150
519 373
161 424
511 115
368 490
315 640
637 558
302 721
22 457
886 38
230 283
581 471
256 776
396 332
248 520
228 211
528 206
260 215
445 192
567 918
284 250
314 348
418 93
684 449
196 693
928 540
19 557
911 710
771 745
480 687
518 129
765 811
509 686
1 234
369 372
455 345
465 363
178 911
115 440
765 623
784 904
433 561
979 331
783 857
639 150
984 90
74 697
429 7
43 108
795 17
363 234
806 325
742 615
255 796
157 992
325 896
725 672
709 388
3 420
520 482
380 464
569 580
683 250
228 814
89 276
49 861
690 223
327 264
540 998
238 670
188 899
827 624
133 20
929 824
77 17
232 261
501 665
673 853
315 818
531 941
636 877
16 436
858 977
729 249
719 879
110 629
256 31
34 420
74 904
832 444
339 594
965 381
520 896
558 3
972 411
122 523
701 318
491 331
202 725
604 986
501 537
802 899
473 449
744 494
405 595
285 391
235 548
168 248
1000 287
444 678
306 358
72 159
558 507
111 156
774 550
577 943
924 208
843 941
646 495
344 819
630 621
928 390
797 204
249 763
914 802
246 910
80 892
931 27
420 360
103 46
587 748
925 140
781 806
370 381
273 597
782 654
854 813
441 892
850 607
401 75
757 544
402 699
569 950
717 681
264 515
922 749
289 281
187 360
91 834
863 892
218 38
127 684
228 3
278 309
881 606
766 457
776 719
386 700
906 715
678 624
247 238
988 5
371 495
243 528
516 88
461 577
1 999
319 328
482 891
325 680
542 177
879 548
347 904
467 558
938 163
91 595
736 132
67 105
168 491
569 450
962 625
844 617
610 200
944 753
148 64
411 469
908 530
13 15
215 30
952 953
995 386
526 763
139 226
911 809
674 718
574 803
540 882
552 708
84 43
802 65
711 899
603 713
628 783
796 827
201 519
246 344
399 667
146 859
424 230
503 8
379 391
686 356
579 182
425 123
7 665
104 365
597 444
761 432
432 296
845 198
534 356
34 47
298 944
604 447
585 157
831 846
26 141
95 164
684 797
914 145
32 459
586 12
721 761
378 331
737 716
278 903
67 291
872 336
496 381
802 621
705 508
70 870
336 726
506 818
668 281
475 11
151 200
289 868
21 826
660 713
564 492
358 827
808 55
154 886
750 475
537 476
57 135
494 354
126 217
362 425
187 395
544 208
867 374
135 577
387 343
480 606
812 2
618 883
456 302
236 337
775 354
384 171
18 406
594 212
207 357
656 387
209 376
752 79
769 534
353 870
748 234
10 600
296 778
298 816
799 606
983 786
19 170
179 358
497 940
541 422
642 473
546 775
555 365
353 889
684 936
35 81
689 817
564 648
622 464
573 313
469 560
373 913
11 9
220 519
863 353
533 911
421 920
418 635
222 310
719 951
68 525
366 511
790 946
937 158
279 284
236 56
683 15
440 884
280 165
937 354
333 139
929 698
375 127
936 201
807 950
547 532
903 54
53 46
235 573
936 320
736 23
650 585
86 923
950 962
285 5
396 806
639 32
181 901
186 930
226 738
208 910
90 215
176 580
518 740
661 43
141 492
951 17
842 507
14 790
24 166
264 544
638 109
731 842
541 941
472 504
690 615
580 601
456 878
379 85
457 980
78 511
276 342
300 935
678 112
604 387
776 525
62 514
966 482
21 456
787 78
603 579
267 124
195 265
187 243
747 223
329 881
930 499
257 96
470 142
174 622
883 977
322 446
594 80
518 977
357 28
241 549
624 913
109 659
949 242
724 568
335 476
166 769
324 904
565 560
164 284
589 213
876 24
552 907
768 325
294 763
296 801
225 804
240 25
470 557
419 549
223 630
303 607
330 508
140 171
420 369
651 627
544 786
684 428
444 848
481 773
543 741
682 509
347 789
201 282
129 179
727 590
774 347
201 329
786 782
973 420
871 672
663 896
486 605
601 691
212 648
868 675
940 825
791 802
905 925
419 968
692 520
673 263
450 321
694 950
753 643
787 228
291 400
297 589
486 303
220 683
907 419
235 297
419 995
127 498
404 876
536 142
250 45
354 291
305 330
816 765
272 483
381 10
863 771
93 398
944 14
652 219
118 263
89 914
894 171
457 345
935 527
181 328
726 609
796 564
814 938
4 821
873 838
891 615
571 745
925 308
626 603
426 515
299 551
770 527
487 588
588 20
786 36
285 249
335 69
696 822
67 590
1000 706
888 861
793 40
644 973
397 670
545 911
307 122
541 605
458 670
769 415
708 944
634 520
266 456
447 449
647 305
745 627
398 808
468 260
74 992
723 936
760 757
884 810
303 172
255 137
271 772
411 925
494 832
957 396
118 231
32 128
650 317
716 466
694 168
583 277
367 644
173 958
867 170
141 116
898 812
100 683
65 82
723 371
932 365
508 294
531 979
637 611
156 86
619 702
72 63
824 948
351 217
328 605
55 669
792 396
885 988
452 463
476 339
970 677
544 916
583 947
748 681
740 895
804 19
261 814
479 831
602 457
207 889
453 305
974 2
138 146
152 101
635 209
313 94
600 474
315 238
779 49
512 568
266 427
13 451
897 595
566 450
234 20
184 50
116 367
316 171
341 519
827 861
382 369
605 252
908 445
62 553
27 196
98 39
677 397
563 774
847 465
21 638
339 777
31 576
956 686
654 355
192 592
338 725
824 329
995 228
341 676
59 226
577 531
549 725
392 542
625 651
330 922
906 349
196 536
150 968
902 566
49 753
866 890
412 841
204 984
777 897
251 746
407 324
307 851
846 963
114 31
763 462
626 308
280 681
877 747
659 711
412 961
993 991
359 573
741 451
602 102
720 556
773 822
825 112
491 185
857 800
247 344
63 35
271 188
569 772
893 115
742 867
596 317
313 182
671 923
765 89
674 863
570 801
299 159
166 170
18 437
582 261
949 485
508 621
721 429
63 422
618 60
748 870
88 449
899 683
941 779
127 326
820 332
929 320
817 194
426 855
174 636
931 445
184 848
837 470
451 982
332 143
965 926
944 258
189 24
342 855
453 870
974 66
915 273
410 542
827 411
828 345
724 275
419 661
294 236
659 513
972 423
268 997
100 493
655 620
841 43
51 286
197 285
958 171
843 985
407 247
464 318
364 236
243 201
956 148
498 974
775 171
462 518
542 370
9 128
520 307
727 660
287 225
177 959
652 105
343 770
772 805
661 341
740 771
199 367
464 3
523 646
808 846
31 354
920 273
862 544
737 601
796 240
191 991
332 407
956 917
529 345
610 161
913 249
198 352
619 94
290 949
584 386
928 716
461 662
760 605
644 959
981 579
828 97
336 125
230 177
956 565
47 922
669 439
192 427
848 284
176 744
352 785
397 180
533 659
651 387
807 531
342 799
454 671
534 283
207 436
533 692
487 472
422 118
496 56
533 984
482 794
221 419
456 959
150 827
111 836
698 356
113 737
24 542
342 803
853 326
112 345
894 34
928 990
1 618
348 281
46 371
825 149
994 222
962 502
958 957
820 386