1000
686 1110
381 876
44 121
682 758
317 510
112 402
520 694
215 631
264 683
29 270
23 1333
341 1045
475 976
244 386
363 967
1302 1353
1138 1188
226 1117
300 809
931 1321
1272 1356
3 113
275 1223
127 664
551 1298
1010 1016
69 1324
128 1392
1348 1411
432 823
333 538
67 961
54 824
212 284
1131 1178
820 1381
70 1230
1151 1426
12 908
288 346
715 899
168 424
13 353
819 1229
918 951
126 291
782 1227
966 1349
577 668
1142 1365
294 694
1214 1253
118 827
754 1002
788 1067
286 351
359 628
12 1287
908 1026
398 1382
751 1131
292 1293
375 1184
177 362
766 1269
74 526
89 845
132 443
23 333
256 1200
792 903
1025 1356
182 1438
29 281
893 1118
53 1434
518 579
355 707
269 793
306 669
198 206
159 686
1180 1204
726 745
593 602
1276 1378
299 612
174 1014
169 1025
61 1342
745 954
425 634
607 1371
886 1228
190 632
389 725
472 1322
853 1391
753 1419
26 753
930 1160
370 1427
823 1366
249 1370
1027 1268
1111 1327
489 712
139 638
458 788
724 1015
587 1396
2 1004
1302 1308
915 952
906 1104
847 1055
58 998
545 1071
280 591
259 340
19 699
425 1013
69 716
134 650
170 261
734 1372
356 1132
634 1390
208 762
41 856
379 1357
196 500
86 514
200 618
572 1038
564 1198
865 1317
530 707
1012 1208
452 618
14 417
270 631
71 493
468 690
491 1271
224 728
341 423
1239 1240
504 961
866 1009
453 1235
623 1377
180 672
844 1258
838 1238
277 437
867 1027
629 677
582 1140
490 1406
1091 1282
222 1321
1265 1339
1003 1234
110 1414
12 789
984 1369
727 1263
82 873
55 160
461 513
621 1161
305 609
11 509
380 1299
1016 1281
379 1047
1033 1158
240 1001
852 1313
1052 1340
238 429
1345 1346
1132 1246
518 1049
82 533
80 1139
265 979
99 255
752 1353
329 369
255 1155
449 1393
556 1330
859 960
110 324
1143 1237
978 1385
468 983
1022 1212
1285 1437
1083 1400
96 114
813 905
428 1183
309 641
431 1012
306 940
3 1108
1150 1290
34 727
434 693
210 479
707 766
440 950
553 1385
272 1199
504 615
956 1250
30 1280
469 1330
669 1027
520 1025
470 714
47 1319
402 1064
360 606
501 1363
139 172
138 217
236 855
696 762
750 828
399 728
894 969
787 1396
45 307
956 1325
683 1157
563 594
99 837
504 1268
60 852
14 1242
377 841
564 1332
206 438
224 835
384 963
1112 1377
583 617
1072 1156
381 1158
193 848
198 718
916 1173
466 1421
807 961
879 1050
275 508
78 234
844 1366
843 1078
62 1075
390 724
165 322
317 1176
341 1077
638 1026
558 914
936 1238
184 853
1191 1352
815 1213
256 869
129 132
473 812
96 147
450 833
724 1198
192 1137
225 746
27 1002
696 912
380 1191
242 476
61 470
11 879
110 688
172 1254
1250 1265
172 656
587 1024
1128 1391
1089 1170
528 1373
1093 1388
686 1436
239 365
363 592
131 659
748 1049
287 485
250 1043
629 1294
26 154
1376 1420
573 925
678 1052
162 183
7 1006
340 1024
103 487
5 751
842 1263
446 972
695 1342
160 641
369 1166
363 412
288 551
710 939
471 1355
37 776
870 933
316 738
932 1126
109 942
331 566
798 1059
129 231
761 1190
1381 1386
975 1407
56 564
103 690
1058 1123
1079 1081
806 1393
418 637
837 898
217 334
714 845
8 233
1354 1424
473 1136
982 1128
273 1223
615 1378
920 1216
457 1145
59 516
145 942
428 1186
84 692
778 1217
359 1060
654 778
191 751
220 1330
197 739
447 941
191 1132
914 997
250 1212
55 1100
585 804
762 1059
244 1322
247 757
37 47
413 1262
896 1358
104 1000
128 735
9 286
575 927
684 1309
70 694
965 1272
218 546
286 521
164 1202
482 921
225 918
901 1332
99 235
1193 1247
1214 1432
990 1411
698 1383
182 636
795 1077
349 723
287 1319
1127 1226
138 549
387 818
240 489
345 510
470 1386
528 1236
547 849
114 516
156 450
837 947
7 747
46 308
55 938
431 1031
60 511
724 1125
831 864
163 640
432 810
129 1160
120 321
49 703
448 954
251 649
683 945
611 1198
663 1244
931 1261
56 1129
437 504
274 1315
537 1428
739 869
127 955
1042 1258
142 587
215 907
342 512
126 245
42 1026
371 1172
484 1233
654 1403
119 1215
481 600
768 1011
272 445
483 726
232 1290
739 1367
962 1379
334 471
343 909
179 457
768 1410
494 1176
576 945
1146 1291
1103 1402
587 1137
683 908
241 838
784 1316
706 1184
281 907
442 1150
126 1209
126 1094
878 1342
370 806
678 1021
675 1418
465 500
471 847
150 634
787 1357
187 1248
119 1027
374 1064
177 855
962 1203
106 475
314 848
606 762
1324 1351
244 1214
557 931
10 1065
592 1202
46 919
371 1057
351 768
230 1317
395 1032
1296 1321
242 360
57 651
226 451
407 986
354 919
44 646
433 482
893 1043
676 1003
7 1337
109 207
1181 1231
297 563
1170 1185
110 808
364 809
5 278
597 925
576 1011
352 704
72 879
549 1225
65 1267
263 894
259 765
660 1034
367 810
1069 1105
391 1040
311 524
245 785
82 868
817 872
671 953
662 1282
520 1298
393 495
353 1393
321 1281
29 280
936 1318
217 950
678 1323
1111 1289
444 575
232 865
119 967
750 1413
344 516
480 522
1105 1375
1011 1023
618 1036
490 1428
817 1066
181 1061
492 635
226 1307
189 454
763 1024
306 953
721 1290
228 551
255 307
35 388
372 1308
123 428
745 1293
987 1250
577 764
853 1407
1137 1295
132 1356
418 1264
96 1065
269 566
286 1297
999 1239
290 579
478 1160
122 700
1131 1331
579 730
170 1174
824 1236
319 735
372 489
58 1360
1286 1360
621 782
729 1270
283 1311
1057 1241
709 1029
21 1403
397 529
599 752
826 1295
171 899
159 639
414 1040
614 678
403 550
591 794
953 1329
106 542
630 826
720 908
495 527
33 335
942 1272
172 449
103 1407
468 863
1021 1283
343 721
709 1163
165 549
495 714
549 911
662 898
781 1249
997 1060
846 987
382 430
320 1366
557 826
258 535
506 808
111 998
165 1356
155 624
75 961
500 810
1043 1374
25 212
178 610
1214 1373
1049 1210
883 1114
159 1065
805 1147
471 1185
994 1120
203 773
683 1046
236 486
961 1022
389 558
588 616
240 1405
1109 1153
73 699
1099 1420
228 1160
333 860
1040 1359
1072 1129
342 782
204 1430
138 619
30 734
234 368
636 994
118 999
60 1183
557 663
551 1032
1244 1406
337 771
892 1240
181 928
639 1096
83 604
555 1232
108 827
682 744
302 877
446 1368
35 134
607 820
859 1288
449 460
205 443
507 904
88 1415
1110 1233
798 1096
175 1079
766 1115
1290 1294
20 1356
448 1258
187 1087
267 473
255 516
771 1311
1018 1214
874 892
27 643
58 513
246 1137
940 1296
601 981
182 1255
618 1314
875 1187
1018 1322
294 816
32 78
45 451
411 1261
558 968
179 777
180 951
727 1164
466 540
626 1232
914 972
202 1063
550 1188
85 421
1280 1313
898 1189
920 1212
984 1035
218 1162
232 742
430 1336
136 1097
452 1173
84 311
78 96
982 992
172 519
288 1268
81 1132
404 909
182 855
1017 1232
775 950
388 947
340 590
306 1091
607 1414
236 323
482 643
164 1316
344 721
1041 1431
480 1009
770 1161
905 1304
228 288
76 1285
14 1137
28 167
545 1310
231 1416
42 959
765 1034
1257 1334
800 1135
12 1230
50 336
841 1011
632 1220
125 388
297 1364
937 1184
10 585
582 664
198 1009
130 618
242 1050
834 992
316 1397
310 1217
249 253
36 1353
457 1000
679 1009
609 740
340 1076
689 1109
960 1111
633 1095
520 1259
1133 1188
1156 1299
868 1032
72 98
271 478
440 1328
401 1250
721 1193
94 885
33 516
524 1138
350 558
1010 1432
808 1235
372 1187
417 513
139 195
968 1106
1 632
713 1396
87 285
476 668
597 774
253 1333
182 1053
269 395
208 1180
174 456
219 1013
169 848
324 1181
4 1113
161 268
462 1425
359 1144
334 411
372 1095
905 909
170 697
210 921
187 1152
395 816
125 423
380 1402
221 1175
186 1285
711 1121
811 816
609 977
1114 1377
142 231
110 923
930 1276
652 1177
75 779
96 467
336 953
132 659
51 1280
223 1189
807 1188
1144 1438
256 1118
879 1164
1082 1082
428 1038
6 879
985 1111
380 1367
483 665
639 678
19 136
419 1252
646 964
746 1398
24 264
219 561
439 557
508 1034
287 507
496 1160
554 1368
827 1189
477 607
194 498
263 1425
508 947
1192 1214
972 1168
762 1009
704 900
298 652
302 1036
1072 1109
1028 1142
187 603
1397 1423
1106 1362
437 649
139 234
1071 1136
543 733
933 1429
1084 1400
1257 1277
428 843
772 1011
69 433
188 805
210 1399
50 645
538 660
782 940
316 1089
714 905
492 890
144 1301
830 1213
981 1279
421 643
493 597
253 475
181 1106
591 835
528 1323
312 789
629 946
596 834
90 1346
778 1226
308 807
961 1155
394 631
336 843
64 911
22 1191
211 1187
140 1094
1209 1309
261 1039
325 1081
1117 1243
413 461
403 1320
138 351
1085 1178
940 1164
149 285
995 1238
206 1314
427 817
638 1038
58 1110
904 925
390 520
139 357
373 1305
892 1095
163 912
483 590
393 1097
360 1237
122 1140
46 471
81 799
349 1435
1058 1102
515 937
178 981
1269 1282
1075 1371
929 1308
364 1082
249 481
10 676
550 631
252 464
750 1439
243 1058
203 653
75 221
652 944
349 1053
104 437
691 1053
146 1297
372 544
528 737
476 865
156 1018
88 619
192 1140
491 810
255 829
735 1006
110 1047
320 1173
398 844
844 1405
422 644
82 296
872 1140
263 1276
238 322
365 652
241 1389
275 482
1305 1342
967 1055
271 1229
710 1338
537 1000
748 1249
850 864
542 1230
800 1155
447 1075
650 1214
37 1230
452 1099
497 536