7321
20418
770937
807945
43526
682981
646513
793092
518147
255646
798913
566806
150655
316955
807030
724588
832292
692815
835088
751131
344301
288834
868782
677933
160919
400375
964526
322616
224130
687788
353988
238219
880890
745024
107518
966477
591523
600742
894063
897402
513376
970866
10577
318427
626481
890368
385007
35392
948124
337701
580693
555139
856251
915586
591377
421665
537403
120302
259717
72566
243682
7627
682039
842830
705852
326347
490787
572139
519802
412162
809384
378501
392564
947566
757732
213279
340450
884675
629126
270997
253795
823170
439175
10542
970675
694363
342658
616179
725065
43298
380511
867308
956376
749713
307944
828251
112529
857442
615897
373845
999117
872081
898043
272237
767133
967382
335306
314876
56567
695040
97284
164838
51375
860199
45797
216144
890
987272
386865
562125
205004
791591
611424
360554
594354
93775
576549
744953
274102
950487
850440
415294
557848
407881
370414
743342
340815
246390
814780
679940
807710
795465
998866
680717
21691
777213
75590
995969
279174
685047
727815
128663
439126
551262
771959
23692
638368
782337
228232
166936
209092
439352
68182
408450
552662
867845
136439
33516
515095
124826
674877
395758
59305
601423
515669
85138
438292
528796
63401
836934
632512
310059
836318
133826
902747
982854
45447
482332
244732
225747
646458
468408
236144
42937
411150
47691
481266
80353
751339
401526
449575
731285
63518
352455
400334
97939
603243
207584
2075
485080
219937
453623
616696
457300
346654
389356
189
390454
171063
907585
971619
894884
280827
481232
957820
527623
94770
925757
153262
832732
144791
898981
425556
149062
328414
292689
701221
773
35174
500152
693608
149384
368770
866760
725684
110711
395669
520815
619795
262724
271307
35701
997137
68180
298141
262624
89500
630485
146300
303480
169094
930920
922851
882669
579017
11552
852614
914229
725072
315315
144652
856207
154558
150621
136126
733584
829031
151299
915640
961343
701240
878733
536323
693964
885965
751649
239027
830487
432451
395617
432068
366909
227853
765366
820015
612126
925776
907604
504809
433830
257738
771820
295346
475299
138347
307485
587304
944390
220131
260262
824894
95349
561205
605553
626562
360513
64838
34551
778451
831012
767081
374084
458854
551171
496709
736458
727366
368927
566465
992123
596583
774382
855169
978321
512544
222662
547886
708704
12875
248866
996756
436058
155985
204562
304174
240853
332919
872
704356
468161
711060
96910
299332
110198
461145
368997
226982
681338
342025
536854
872173
105617
465235
86787
246188
613731
374704
950820
777569
232836
94034
242872
533713
224445
373929
553327
533016
88409
245067
715934
321392
609401
82416
664398
461545
949546
813727
222678
209155
547875
572760
795410
129246
17333
905325
270342
504528
227705
721573
194992
34357
758354
147696
801278
17959
335576
404439
508729
422777
446294
301019
872758
525904
232027
77382
619111
566796
221419
533455
560426
405421
364639
417313
229069
560593
924682
343033
716367
690300
417894
985730
592548
909115
635645
239348
912290
288571
597782
165421
873652
449108
368155
103262
363643
909641
647799
112991
102375
227129
260245
315947
650419
686079
431025
920932
642493
948923
364240
57312
423095
396691
826825
545823
243299
263505
294034
227894
586747
880508
928241
197442
672105
525003
975346
661843
779259
919026
297465
14721
498128
191496
601516
677247
298506
258512
52776
330940
307762
200188
870628
365516
925143
375345
314005
121210
947502
398934
908195
339696
778899
634639
128161
67774
477296
240016
552202
591085
878200
912884
773770
563678
112841
738496
53669
570652
536435
815544
524073
657267
114286
871839
724125
964497
500469
389708
224925
783890
266029
395727
173382
465502
503848
149526
625924
64565
940734
621891
918550
233075
547678
196035
269187
640691
470051
97840
937221
675701
107604
817859
715024
822085
460288
554362
32899
304682
699675
824853
500841
406521
316666
939949
462732
500
928532
17964
539975
85479
232483
593284
896933
915003
8021
469348
807348
589690
21470
408259
545807
703844
672520
648055
713464
44052
835689
305016
325450
912488
961400
436498
262368
715307
66702
345480
125996
299489
781991
622477
915046
578066
494949
678789
802829
633147
710836
626098
638954
220561
662087
374531
39074
840561
597715
56083
774574
278554
80490
2220
53913
652664
353230
719072
364570
678947
52126
398918
878711
49309
187237
952631
517301
619853
921346
40583
32173
780108
107096
783123
278694
352392
555239
57777
266330
341069
932887
936734
182556
267094
434320
665149
591596
587227
142797
528192
109341
650476
908808
100524
18603
230966
902857
393804
746666
74299
571274
472032
592136
436254
687433
240901
496093
846053
163427
80929
209479
76144
108763
478212
826610
527309
892379
467099
891164
637758
220853
855326
460058
612850
593359
994799
819980
203779
456694
787629
105832
844656
497991
146774
50053
558819
20847
35755
122625
171539
959628
948775
802511
652100
390682
640297
400495
237485
939201
13176
341937
868505
802968
448908
688545
948996
506706
911593
940494
993844
724629
820435
353303
28355
546671
880610
738879
484339
9724
141843
626811
828466
500907
111837
955000
518940
245970
769434
540525
462667
878639
788534
689042
874987
890522
506688
634433
865603
138156
264333
127323
444528
232985
958566
985799
279351
120704
868369
590209
363958
64573
547057
553650
6717
205764
885125
55126
455955
540159
61728
910663
58962
257855
377308
837321
448393
468361
428978
296306
305452
696354
441334
745768
275570
646174
512155
721425
26632
356301
632283
50509
100457
830397
898353
464373
364137
986965
174827
973662
50987
522611
582269
182187
176088
9081
604799
985375
702261
203043
371931
545156
439633
326105
551918
477919
735284
993502
236505
511656
848813
347816
590836
259550
623102
904234
64154
411020
447079
188374
592759
375479
48260
744924
946845
756842
912573
896078
249717
94671
179149
1886
538167
693972
180707
821796
663960
863764
329024
760510
997606
47301
769386
943420
226997
172323
22755
880130
175111
478292
161216
737471
615261
857178
533956
632302
142976
813264
920250
188658
281726
879795
329083
125433
944628
90783
159852
457289
239258
827875
630429
721213
561394
66301
424678
689264
220374
376864
318729
932538
689594
633265
101922
523363
30758
843418
373892
317833
243944
836737
343898
172939
770367
193920
627224
361267
453056
181277
684063
969631
251484
1221
281408
80734
181335
887761
566196
348395
195268
539891
902998
206397
289132
999212
724394
159138
563216
813018
842778
218211
528253
846221
471434
703638
972547
267510
738975
826167
690173
971646
29489
626954
249418
796644
348031
421417
231014
429274
977219
346504
416492
737754
720944
861598
23715
512450
965837
270639
610272
503851
368618
605010
685244
371463
366845
890097
478168
806127
595923
179450
849853
139941
526122
804372
37226
449205
856417
606695
526671
239323
444432
139188
211522
881376
122380
642968
833159
658513
966548
49695
493145
22053
733089
16581
410205
976832
591561
897253
964981
882245
824485
375011
514756
876541
363655
179612
890972
521224
997012
377954
930855
892575
839318
699630
365405
862846
973629
107324
162825
657884
65376
942510
553746
400841
592820
679875
556706
986863
122986
873526
443260
364298
700295
25197
7575
350680
314790
21094
990950
41780
242007
42167
975664
438720
664919
302540
302902
248073
32817
216064
401849
575303
5211
814637
366361
184904
433234
905606
320036
401064
256530
385124
651388
247705
251498
156466
944884
305156
913814
746503
573990
47657
334514
50397
534712
67879
52313
327891
420372
503636
484154
997730
909599
696465
163920
771831
208977
352122
780939
172743
488265
636289
419551
4991
205778
95140
744242
633587
640439
834687
269107
708001
847627
28353
275979
379314
787024
829857
512311
122144
349953
970121
796914
713484
693829
317038
944991
811595
429865
248188
236752
633773
361428
655104
255396
358638
861320
540367
851147
923479
777375
447027
931093
496318
959822
606757
699794
249541
789046
818241
375040
574144
48905
729564
706728
892329
680143
607644
743511
172420
531307
598312
605555
6665
613932
704470
296233
876463
531001
570523
936535
583591
575927
318526
884159
741543
404532
841366
317068
990197
834437
806065
460111
527115
539628
723784
443659
535287
134737
805284
934522
508060
41231
513543
498469
421849
651151
737042
842302
404793
163668
921615
162983
25778
771398
717219
582046
233209
830205
352855
209854
92157
611192
455624
977113
279380
490171
15143
859914
51931
115248
584102
1727
505538
601381
923812
227170
111426
438447
641134
195713
120974
478699
432587
520976
909644
72650
926020
265674
875757
626267
647511
59035
195967
376769
517848
683196
683679
698046
961054
604512
529566
821964
905279
348003
97710
62463
804803
456800
969408
205831
276819
920165
97788
444374
149117
65743
886440
328529
548507
534992
321290
228781
352010
52811
686714
920071
832000
927696
568993
733130
73136
648575
583465
426801
250254
974758
336113
706144
308164
953899
537688
841683
743282
491013
661933
640185
176606
967140
59193
191235
822697
413649
390607
586075
500018
490798
472746
8816
247356
531427
25815
128350
625811
552869
383293
992769
190447
932839
609353
150437
974946
430529
387334
521930
59258
661429
762265
484375
297801
173623
859991
925998
835761
125392
600029
73284
142406
449293
565159
872452
658935
109739
70981
374136
835753
281508
338010
404030
871291
761606
886775
636420
357183
205074
435676
580163
573922
556203
945516
942239
558635
533360
990610
474449
273449
586187
841384
255737
761610
433762
9631
654359
560684
358096
384622
928850
203614
154229
117708
710343
523021
550220
172159
75295
123411
794418
877315
893448
78639
988327
802852
586568
575592
929406
180615
613434
379466
967235
598618
644867
527663
721143
478591
155491
936537
99070
486912
475023
47704
92201
394945
48803
659138
647075
221493
361367
400202
722803
685004
327891
769641
580251
792330
243487
578372
733104
436284
361404
213155
951371
796203
345984
705345
440571
187434
597312
525403
177701
423187
348569
826836
605957
743598
346928
446404
812093
265428
827437
378759
169818
58606
580897
870984
393682
914139
728465
918855
160383
524291
363002
250236
491501
379434
792901
625049
227493
469506
718929
736435
642151
149161
937190
166263
677264
862431
312416
233086
649488
641774
65959
679780
510808
284640
342528
108641
144709
485477
813215
461838
187491
230076
978759
687668
179775
343779
388148
655911
405472
59791
598304
782914
864168
805217
148794
126762
668193
339650
156849
86536
772171
154635
591826
965844
380574
938399
743991
67001
727231
878350
545643
178675
5467
194637
25433
147369
326516
65754
775618
266869
597732
592352
813682
830630
496615
918085
673778
527907
843196
606675
343285
242316
717327
637219
858244
379447
488862
797870
752384
952753
873559
544108
139292
131908
446794
944145
762115
220263
826415
661687
915222
569602
938200
802817
465982
399207
229556
692759
43635
635412
603291
602440
538571
708828
909419
489114
324774
119237
569819
930102
757096
140503
937147
351983
576691
339077
135001
932681
293676
233291
13476
556131
567892
710919
932987
13556
520839
236741
989950
760324
412071
879783
927027
210370
770680
40459
881052
536897
137490
344333
851159
638781
623461
589944
252321
390040
32993
339667
336777
550748
519565
710338
215736
930650
172670
628376
301692
121714
534364
84752
625701
493280
347809
57159
483862
269095
624505
129433
861551
170763
370595
472164
779185
276852
437371
501899
725990
568990
924835
597361
114281
4696
522236
676934
696
272645
749461
811496
432114
10038
516691
435528
491983
120172
815414
369828
799958
920125
898715
412632
976795
658378
416480
448275
935041
730457
245927
455160
696613
254726
475286
451463
627841
255014
523460
743426
944462
479039
960643
654543
135094
395997
812598
795695
304274
713302
875319
24923
871171
613169
902231
581722
513430
808342
800889
844187
111538
447952
910095
784599
917372
149873
175190
839281
795369
331368
481001
971022
226111
407098
790783
525681
555501
453746
876202
752661
843540
117176
979781
502403
850451
121061
588660
501247
383862
309804
833703
844987
259792
2886
766375
969157
217093
351345
252606
366785
742302
688385
409905
194293
594744
209517
465623
970688
213827
624686
893638
234577
18333
826817
157817
120251
894569
596542
615635
840558
625657
963060
57070
14925
87197
476644
535445
119074
655004
862546
740819
999100
752579
120151
314701
387593
444891
424413
333185
695364
295097
902431
646696
948197
226766
718029
855429
113196
581300
126066
171206
358796
686322
904750
641475
754684
563488
343041
149884
514332
520281
663906
928001
696792
560977
588531
151594
958862
225093
612761
83416
281402
936684
520706
128131
62124
620106
462841
601348
596069
670031
826971
992435
102555
892094
187233
28959
874406
61052
111681
295764
625604
429307
377459
660411
200183
305855
451240
282880
101220
427316
494621
64248
809915
5118
17651
385559
30143
924427
227290
901794
110639
806656
302415
863316
53786
516337
185062
406871
185708
176413
826802
528023
731198
735359
198547
133626
632201
205118
515837
558680
764428
920880
814410
378356
639364
831656
457754
964913
245501
585703
727575
970342
721768
922538
822668
618446
898777
967687
438219
328892
461183
228465
229711
46847
927912
217713
530264
754501
261070
91757
433319
940913
976335
940988
156383
17173
866408
419372
568378
507543
62688
585605
409208
389050
81950
316259
257783
816439
569793
931778
905621
472742
662553
591837
848932
568810
268347
420988
887251
198018
704375
447176
147507
813166
695840
877442
994460
822274
621477
609514
8818
541807
650943
393903
84414
16547
238865
62240
512315
161029
10880
942086
844064
679780
80651
19684
178637
579341
751740
161492
737154
139680
637150
779641
531957
445974
620686
479842
538095
679198
310486
414540
12211
912021
890186
710752
519593
376345
346527
584868
580003
219233
501449
698186
914773
608333
888592
416795
67873
659378
602391
507097
745711
450998
157983
745661
146931
238291
816348
326775
320564
763358
513053
50100
748983
850898
712595
685741
867163
156838
936917
469204
939042
705667
696202
208996
192187
886006
706973
774509
857859
410765
570774
539615
493511
526276
367738
348386
147755
903661
164999
63495
934097
441004
106918
112653
825487
678443
890456
12078
602049
243192
705857
905938
757401
776371
801156
930385
657956
15302
780005
56164
344704
955900
980458
565623
59859
148844
902825
700111
995436
674009
366809
753043
84450
359116
553029
574170
451232
973124
534979
834656
518473
996637
64594
477946
530213
526018
196678
655087
46279
305090
624579
250643
610472
716543
540485
75721
972811
794088
238607
692152
402847
162439
633432
268402
447581
105670
294651
753867
448805
762120
850109
604372
897330
892348
879903
499491
449439
312204
999606
835128
917713
286200
125740
567416
866747
213708
74695
345173
667590
487359
356761
534238
570540
579071
544285
828019
961991
942328
243939
203420
258866
735987
736208
448682
948408
881241
996160
992020
58176
97046
121006
645978
19138
579132
894211
854240
65807
553206
164576
466672
512629
817212
123431
977690
691540
246721
878330
852530
161152
913092
890843
534214
2444
15548
555869
112832
412205
103544
419678
791689
170030
950319
638387
173179
24566
71263
250450
241601
297469
88780
103037
807024
991249
381679
94965
772441
590278
694081
432714
892598
686893
194415
884718
117581
189406
477740
15686
266275
852229
721867
590670
701890
497468
917070
280913
810221
458523
681895
813458
619162
501873
445392
174997
601151
154311
954091
126743
496014
804675
449737
661065
249384
559441
200194
53800
998920
706419
171469
471429
969321
950107
838543
757532
72630
746172
65106
102512
793294
271551
677895
431752
289151
133448
504487
158194
957570
18531
532735
978221
94485
951640
908883
482248
712207
437812
974127
482492
932970
913170
662058
138417
909214
639737
484751
880054
307746
870714
883373
512873
271596
160282
633678
625563
897981
399755
513585
459495
729262
241457
405201
183354
279730
934763
698955
289945
868441
435387
700756
324743
152344
849760
36664
87684
594533
643299
445570
367634
130292
758521
298125
530369
299784
490934
542365
285721
41319
642084
240798
283745
107892
52924
186642
468835
42969
578665
765407
134061
320553
69566
331926
393361
354754
637572
301800
357629
883577
301127
426716
620381
482496
999863
893143
663062
516687
735851
357115
673973
968388
592524
584164
571123
314571
337419
775515
60836
726323
691782
800194
747316
32465
232271
135297
970702
473418
26708
333489
46162
388503
146844
142919
232747
716167
202853
557265
204518
966472
842288
48144
770302
492825
528939
849249
202815
840707
97395
100424
783520
615440
843991
992533
324623
255432
710026
233831
545668
468781
478291
356847
927707
534179
669784
452346
466843
39085
442533
658728
334272
977152
299837
874085
962205
203089
658796
374206
241862
512288
758619
771101
509762
136817
763855
290212
116288
741253
144577
48152
135865
231957
950758
537779
300997
645763
372827
115303
37633
486996
790683
106467
860386
967104
706782
900363
333041
305573
722706
935619
703085
116571
697272
528753
333500
925741
745218
29736
603786
37632
428799
916566
329541
418742
145319
101347
201238
302267
500064
372970
892573
930028
489188
660135
490560
136941
567138
49957
424929
743444
578815
172500
215634
996518
148261
684584
20116
206563
801438
242988
324967
189088
141674
107258
269764
843118
205659
463503
499658
441061
838727
813235
54446
601249
78426
199419
722734
81182
17734
150741
274089
81444
298475
113085
707367
724852
79819
590502
898365
7300
908904
614230
229075
680508
680861
436899
771388
450365
887641
519729
165323
537113
484693
775311
989781
605938
646290
404536
393619
622304
37275
279436
704236
804250
152995
810475
146723
580983
34880
187407
739714
582783
315354
151309
516110
789910
84526
451491
411099
144502
330532
876893
261989
94472
401195
788120
796221
77664
381710
199773
712010
547749
187307
834072
265267
74573
461560
814389
464844
700620
795868
83984
278938
439835
819881
759335
960056
19160
824889
309657
112479
901061
952105
167797
249407
564028
638371
848593
307975
271273
21775
810842
635133
42988
723704
218679
658811
776712
165187
1791
123368
358506
650226
240687
875989
610356
386758
747877
837872
888762
635764
367949
117139
852611
915415
831586
638397
719627
11497
883649
612324
539063
393132
531454
143467
437153
542683
184380
470190
224274
221086
364066
979811
848257
416459
651304
119184
772479
826073
309350
567626
794011
868725
109075
692452
649123
792347
505299
636132
58315
100067
648897
647204
91009
449592
895433
53744
103955
417910
337493
600908
553252
654103
653419
877059
709045
956298
569311
836591
598209
421714
546085
82657
675632
634243
392648
561994
519889
850967
323121
408299
615652
363212
641654
36036
311699
846912
304954
317177
807494
133473
829021
939658
756688
540017
741736
379130
246776
610280
97781
929823
19759
485801
111569
787198
381044
984588
131758
573210
321743
676037
742340
557505
318161
734565
622685
402020
551091
709168
96680
532707
816612
380853
848532
450236
273675
670769
696405
7971
410032
568036
906005
903534
461630
347780
247824
312078
785189
794407
497685
45134
33549
710844
336233
468929
722313
432656
352301
236401
138856
106356
889926
582238
262627
263232
921992
19037
563864
261961
578728
882051
357004
276420
412959
154811
402819
16113
918352
334424
224875
545402
845363
515192
728523
91312
604343
260174
358479
453133
171988
652307
625587
876939
951590
307304
502285
198045
293855
616130
692525
429564
66581
806027
451291
768543
350987
913014
384982
661890
712960
191540
481964
592417
712023
404613
309545
578955
356434
456601
102000
95178
437561
484330
348426
186417
497278
708848
754599
238328
291791
193843
60453
445289
563754
718841
134411
93876
276816
268044
640812
186197
446489
196974
510686
562404
501656
454517
54816
368096
731526
963713
502185
901844
870997
741847
691380
268042
111209
928615
23398
150788
53329
256160
183926
774916
658839
715236
852766
991583
816194
90153
123029
947972
941690
861328
169958
872880
56911
517204
165467
236736
513541
356403
823387
478529
311102
916266
335250
843089
534315
442099
67639
298135
923323
443988
277757
342191
359481
338062
547826
113416
532775
558302
261887
330451
104273
860440
282563
71022
345066
289847
199843
123952
263793
875808
428505
611580
549951
893097
920948
387150
276932
49820
823472
60576
503749
59182
506388
459986
892073
224495
810841
354977
303735
334547
155508
789420
546407
233187
971472
617506
176119
812573
216534
834209
982478
144849
124683
633287
926848
908820
967693
548383
705113
204862
899335
313387
22238
881858
153694
518297
265315
626217
103082
882023
491115
756007
550927
806666
454808
248129
381532
414012
684950
187700
579134
904104
314567
875835
864115
278635
238253
538020
224141
758753
631727
348234
189367
304858
552952
196349
336771
171100
557985
665976
891136
74321
739954
257416
611561
528017
568595
512473
608703
408742
40109
883356
587453
229162
245035
161272
622674
175044
718758
854956
888505
661342
878106
532292
559431
907539
560583
608431
438299
142997
124663
867796
650094
87706
171407
218219
501197
949753
495469
735459
821292
565687
503238
213260
657812
982048
104425
282328
352001
567850
179127
886085
417934
827302
252719
41774
430070
800892
179571
8102
714572
380157
755497
114916
312420
948751
435608
737396
693015
663876
439398
62375
870829
342622
848418
23600
422489
637279
253247
461731
960526
170747
450232
759824
856784
178155
669499
522214
421854
545452
177972
830948
731069
89804
397305
924750
107426
887029
820842
52257
628119
451813
852799
185679
671383
429777
50075
406501
247169
520032
43093
753122
712165
202313
425369
873910
121349
601199
758335
25692
349331
129991
261511
524406
940014
421469
467204
619542
811146
100137
802272
769951
36065
116600
354612
648739
118930
989607
929052
213814
485585
905350
669235
150513
605295
767422
792922
234176
123148
906968
310205
199645
52300
615466
28878
570414
693715
66553
448200
572672
17478
954128
712202
390884
597806
9410
161903
684268
732582
342537
948438
375439
716309
897270
293333
509848
179733
299259
127030
184749
160136
477740
656934
546350
143791
218449
255849
339596
9762
655779
681181
717032
995143
211536
368527
225638
286747
432118
948857
759658
932668
66072
179992
415739
671316
199060
501092
311950
988768
497299
216652
842993
459442
963812
705222
690268
643235
575692
331205
289083
129911
148382
555740
307936
655628
48969
33504
173043
761934
11388
964047
18664
487266
303844
102331
162581
843308
462667
17647
572191
119617
796488
473665
855505
865285
2004
343024
316495
294370
946052
693229
905723
840004
33798
163585
880206
283040
995292
549968
268880
941295
86589
57125
962100
428072
46508
24736
565531
989677
678463
813156
622890
518155
301993
63434
726073
377001
968810
256343
425223
438618
409441
855002
829370
984405
312607
855390
377543
241011
461524
261055
401456
368141
362316
108733
731276
159149
619709
142766
337851
724568
862132
788496
742536
650990
551567
624330
468485
771911
928047
511366
343980
642928
493005
916884
768288
308771
27417
927184
734164
211044
206425
677234
397140
161113
163390
714640
381222
655636
658675
463528
392137
673426
551221
930279
75366
870541
323321
988361
233549
849360
30594
953314
529049
966342
969265
347658
767381
822177
952718
969369
792075
994347
990148
59064
636880
517692
250160
368017
455261
432269
726521
106205
480555
830913
952696
623351
816662
81732
651398
6709
736017
257991
687229
164826
384801
307135
201137
535426
163255
485903
852811
539981
508421
60920
884083
751493
751355
98863
5843
302539
480684
255540
928277
189892
366591
964343
19712
988394
329447
397908
254407
920057
896176
357231
957792
727027
862317
806303
869786
712637
8542
146165
788789
2138
540078
152519
387931
155670
657966
271006
49545
517936
305430
945075
395744
755073
732811
156283
341863
1540
76521
305895
858209
9917
936097
427791
270638
793373
867096
763989
384331
650477
399285
20861
637015
929009
811296
163420
760569
526040
26621
716341
100109
699854
221242
249895
789336
485384
449572
207244
843492
719087
2867
759499
614570
802903
592263
195484
757017
512181
219336
7628
117435
170360
97075
686894
883877
85991
359728
430631
684901
574226
409405
886295
445706
712448
974043
757096
779229
864909
724941
638182
614999
414619
994174
806403
759461
732085
130670
154227
339620
724701
96978
438647
634755
57497
237914
852961
243043
464539
719169
998579
935132
749583
286758
700129
213360
969513
891839
635197
77928
304662
868618
508001
187373
354389
702385
194513
488351
569233
379069
143484
561993
551035
73422
679888
591974
769876
354687
193837
208302
277375
524384
672354
215099
178440
341399
262491
901427
173521
418600
449166
546559
390954
508751
545327
482306
710452
786618
138744
87568
318078
227769
241215
845471
222269
823543
621347
306357
898108
253262
459
874202
97211
542899
212406
413943
142995
71216
752566
840442
277179
111023
473229
974159
619123
681107
647124
553801
948591
436658
281404
604396
460742
995139
162320
994003
833437
490872
412491
875981
442856
136194
406158
736460
885624
418197
261413
252520
863878
713788
31472
143884
122604
35896
481565
853171
449692
60962
408520
494022
265032
194523
270594
451489
702565
226418
433968
155952
328604
966146
910036
260551
53546
786027
887399
774720
580489
128521
896674
728220
524911
737122
608260
104761
15991
670994
42318
981748
14460
332970
604209
269738
973950
199684
190729
294623
887306
297607
669253
927892
562792
55814
558645
72612
506821
295083
980527
565846
415550
355449
289983
925462
999323
96459
805617
512274
721974
171739
74746
254546
497561
641927
638355
504929
233211
636419
407104
702925
855687
860407
291769
6049
292853
71467
762274
91961
217532
410483
935579
544949
100666
15437
976383
729922
910202
786030
371080
245271
258582
668917
868169
67116
472696
962282
961247
53615
177248
81975
649857
622426
371343
222959
768239
17917
557349
604539
245542
728338
181902
172903
501067
41439
620314
973485
838843
659928
73295
463270
577839
487373
989761
918748
255715
530889
26712
47913
728924
349415
143229
202743
797396
879844
864984
550399
884409
444197
194805
583649
257397
274795
312354
740644
998918
152237
820709
516491
905089
256338
661256
899292
898954
800531
969404
561184
687686
255812
974285
819739
42618
601762
474636
89844
374932
504983
522819
689142
458499
270161
834942
525136
42867
479079
601859
261992
410526
832480
369617
334269
203618
664428
144042
752261
81175
606701
706481
684061
292798
699645
940503
178765
765919
97468
434689
16442
659274
86099
832886
783239
389115
47609
54052
951637
811261
878700
127026
275540
128899
859714
843569
391258
397017
119605
405604
6309
36194
526379
422249
68286
791212
435508
704872
263089
626008
868186
824776
111907
321337
609424
885910
460819
658984
363739
562238
88736
400593
171903
698131
25952
311539
827553
67303
487845
110122
711143
339523
58865
749510
554061
270079
423626
912605
790186
101519
414715
612026
146656
381328
981727
507304
186721
595342
795610
280369
432203
773328
92709
919161
318560
357579
94599
761727
87573
717304
118210
329248
787050
377086
899289
525867
867833
66993
594744
329286
448239
288986
830183
816714
53459
869326
853603
219657
979210
93303
346244
944048
297991
935121
326525
453625
548024
528370
116751
282018
12332
784056
159390
234542
753089
425649
298936
374558
422727
469514
79325
845726
192160
634694
12609
430873
107912
973052
952071
205952
283204
467928
109194
850713
184505
507693
84961
444286
666423
231834
950720
382697
516843
749470
355576
164025
706925
689181
39423
23266
423499
128697
276301
918797
43549
478446
699305
1684
446656
441422
15322
913025
802082
54660
791644
683595
924748
365103
302030
614706
351096
967098
972166
777160
415166
11770
471388
543904
66372
161788
487978
18665
981442
746143
260643
206070
601186
622269
945444
83943
213292
648464
643023
522270
94890
556824
499332
67276
956132
652853
66979
720902
681503
976265
116204
177013
631222
17887
788860
566021
939436
60493
542160
212799
54327
773778
183729
239894
361113
964603
868711
987976
189218
122238
872221
454193
635975
956729
495017
570974
196651
614498
995792
955741
320265
5846
454879
541192
738716
955452
305134
741092
812899
217394
940382
141277
252547
341425
624665
338747
511933
478296
6840
105357
745622
486068
572342
682733
428503
921118
762956
73538
760544
25304
562706
653934
728981
689236
290945
889220
625490
772177
289778
794689
153816
102250
850031
683839
632528
27505
186226
264335
173624
936362
526026
480271
140173
601784
552303
34996
993734
3681
156837
296362
670139
722226
848664
716430
312894
58513
122732
859786
545240
624787
469430
116669
535645
487685
237258
550361
658228
313185
308673
234929
3040
746071
328258
393691
54678
146285
225417
814251
547008
196561
121566
127226
457470
122778
6029
200730
26083
599382
561231
574043
426224
48304
952623
51791
565939
921142
293185
289698
105120
190938
941982
172745
47518
703711
118909
284589
355971
65022
793337
260273
188921
783575
939718
501264
460272
730769
408309
145525
300700
994295
117105
167654
82916
226331
636843
325568
931489
526471
332555
718064
850968
826809
789756
147606
153316
904363
593446
668722
226804
175429
740174
771105
623556
301411
190856
99580
106339
861524
853979
709859
339993
832724
251911
533891
252010
897404
222913
979612
231718
399493
102778
904320
206687
688790
32512
149513
560760
305584
510339
21633
656727
96510
110892
814308
468961
304586
198946
218100
310346
978913
289856
149762
235751
521674
391893
318502
905238
238747
226890
482293
3203
68388
377707
272146
963583
915777
141043
280461
840127
865647
710014
637848
770066
632568
959102
932533
965878
301105
812432
658969
39679
383116
575132
214676
360796
429205
449369
606053
755528
826045
172117
418939
926912
617825
367428
115612
690108
911507
113829
498378
429306
75816
532924
10744
31094
566883
684036
294059
106293
487128
769043
814173
480254
777048
546980
91912
987492
397316
346950
739253
614303
393782
575293
347811
800364
500161
700114
530763
792592
838906
754933
798100
841381
198658
175671
774266
780097
878609
752758
202033
47515
157572
33659
384697
212701
22354
289751
770259
154384
21467
198780
398355
89014
487819
112256
441393
379563
296088
212956
356451
81079
254842
443948
822779
483597
688015
226528
64677
172939
959535
564585
821119
865144
610689
650982
176131
457395
205236
987150
573194
438663
120860
949407
56273
272265
948199
161765
952831
19238
83418
18653
221752
16743
432367
660570
423715
790106
726576
589731
745410
281526
88115
850761
797006
598794
691872
251903
345261
166464
361229
786471
53650
174815
435440
255277
856079
46028
825152
309967
453343
705019
258674
747740
976408
673638
701781
610375
898838
796339
515702
889329
703983
817011
107376
640514
323142
776619
300309
842218
727877
210122
630991
311098
706016
465475
309384
326925
847862
674172
236916
286706
890209
934360
826686
516147
130236
291155
115348
77147
834384
263605
764595
190258
558309
644300
861937
176189
336674
600329
949839
260112
400648
834010
296830
378131
864879
332384
25720
471160
954696
23052
420120
541696
373377
809971
341241
534638
332077
722810
415199
293894
316846
626427
354144
555306
951243
66743
931066
630258
505412
285438
538340
152462
709753
529045
65828
784065
446386
904735
3218
308850
405458
7233
974363
892110
875468
842991
170634
410835
234616
873394
677584
240839
772412
289471
242467
304835
196071
980101
226204
590952
378980
138886
945896
332248
315485
756857
647483
185573
831245
443563
873191
556660
214648
583033
527527
420471
839885
567916
759728
587712
70652
720214
59980
500313
412807
639748
343927
172649
108226
94263
819170
970571
95
64483
485989
331269
811800
705909
50524
754006
655442
644271
536462
985648
447202
318729
629554
226746
591382
373952
353797
393474
566804
681168
218596
210545
204012
311563
609288
793746
70831
52131
990669
456885
10941
913100
787407
519050
370131
654933
494387
162665
197492
741167
276839
662724
454001
240467
46254
949760
845467
987881
536573
239536
258953
315634
452586
55564
32381
776206
128513
160972
712871
958404
852667
275344
806583
335412
567793
247984
860671
593742
702897
704153
597811
175622
345121
246719
521164
576968
175534
107702
291952
878010
682665
880595
568371
1627
651519
51428
269303
505082
820213
928045
117821
274450
305064
915421
698892
751559
732895
29572
240270
186658
213051
273457
629429
749055
654395
725446
158215
415531
649578
317574
827425
404078
271939
620102
113539
463460
81649
88419
176802
587248
747214
539115
72593
636075
207831
888382
66957
937553
46173
49627
113653
810330
696795
343983
387175
260917
361045
894346
438829
103690
585002
515151
693421
666109
43031
684409
710251
360505
779789
373507
211294
780251
983552
350949
255197
912371
491822
595609
60611
487520
889068
399010
170754
659013
854647
672078
946467
651507
5562
276164
731957
590558
59181
323685
565934
384069
343015
856487
258246
873957
459994
988328
189593
181126
390172
578513
385800
656411
159271
300662
65582
495810
438074
340798
664707
970115
121666
649552
342962
779873
274140
612778
561833
420645
377599
756354
517826
713173
644463
618778
460595
344195
796990
399457
155832
81883
335834
447920
447351
729999
422219
949818
859197
203384
401564
930431
972636
317150
754457
440291
706965
70225
974418
294245
465209
927859
683963
913804
895587
790195
348065
839396
721789
630067
202894
552468
282005
10217
562103
713235
57595
573291
439285
292083
828262
918856
758836
888755
55503
677640
195936
528872
246314
746388
325878
128251
619892
866641
952725
438737
804347
967142
711911
246506
454595
709911
325389
335822
99756
636074
674565
511719
934727
166704
860349
225686
860090
51670
607587
233788
461857
656419
94950
414742
183366
495205
360315
634672
338766
86814
222456
601811
881868
359377
543186
489146
735245
661785
402085
338873
777927
352508
772028
10693
422344
926840
120237
906504
161691
441846
458443
253974
599207
134025
566722
233635
247367
10188
655229
879626
79644
599402
656887
80102
300640
547602
236892
687884
161315
257772
303214
843437
180215
161600
511608
280086
373328
815559
534390
519974
754020
107739
226308
792637
935130
997511
25678
959649
833242
842591
695832
831678
637478
950935
754195
176146
186851
330912
518097
304920
321407
332446
315028
389002
553153
103445
608736
719267
128045
60900
903833
778473
544407
8162
865969
649314
836750
59225
289234
202875
846834
785721
727538
23479
117343
382377
807649
772879
806364
19496
922447
900099
343453
67974
837780
745212
490679
20008
976888
573644
877167
476630
542845
831629
234839
329146
974091
107851
784542
557564
404777
532845
423133
953682
437139
662680
462226
102599
319055
204010
464311
575198
432632
168410
943224
636724
298248
277187
368202
423714
480839
760167
777674
871674
685757
313866
833523
598269
266760
611891
74284
151950
399402
28181
158236
750878
568468
16974
902752
829986
738512
13111
486008
518487
969567
37995
221373
148531
660611
306193
10532
674380
547123
710392
570164
409492
400940
989266
545538
181381
593669
742414
364762
544703
158242
592356
627991
81511
771964
759930
198342
43255
494513
234244
158138
548330
712928
145380
293415
68903
376668
555728
192001
327812
732502
32555
174738
784026
229912
559150
715030
140899
288773
899257
286973
224989
456832
867902
871894
211187
320027
714925
507287
815876
482068
62791
948442
641024
169612
409483
910002
613158
73238
303838
437113
51224
180415
328538
846221
796651
347323
172636
10772
730360
307450
256334
852744
396711
882699
541214
952087
687228
26287
739702
581873
446151
830000
145060
871451
973406
786431
831293
328755
613581
402201
948488
656854
692232
397126
185490
190770
739819
42796
633785
721279
640282
255292
219684
785470
594225
193692
13925
194898
467395
751408
968386
689541
971488
331101
791165
886055
408565
755650
934102
11941
541998
578929
510757
716857
515999
575314
92865
964409
692414
877024
984676
232834
887661
492174
248775
817659
474161
441447
721251
882366
424252
426137
507009
833382
809788
866336
91327
428978
875485
990607
41538
589723
702190
977752
477533
744784
503339
698877
826653
447619
460536
837434
952518
370329
810980
52154
704917
562580
720589
977269
807577
36574
815331
152078
95619
624544
174058
537541
79188
100761
996181
178719
763159
384786
182679
131556
45669
674403
285278
805759
41847
351511
933023
410980
19420
592166
842529
400861
783292
20777
787454
482546
394365
784758
566276
80694
142876
461311
106964
23251
428730
870390
407523
308642
709493
671773
337090
20850
178287
766305
19982
193734
956135
102691
372966
537448
524240
733821
475386
751129
36762
449165
620701
265789
167031
799058
32269
328751
468052
136718
674152
507235
505111
287890
10937
707696
300308
645473
112299
751139
394120
170722
862654
726694
615319
628055
402554
372878
803210
193659
120903
787902
812317
530904
757619
389067
482629
647417
330637
125276
311227
442176
216956
21805
24682
843295
599386
691283
353455
805786
852308
31768
362465
795340
473940
837352
678283
561530
826292
476140
761404
76141
832582
323022
610137
586875
763734
850387
611681
542756
433656
466513
360083
562974
836536
180363
549378
26420
731673
484517
705687
103605
247305
167881
433963
347559
112658
965301
745469
492660
881499
292875
553407
874115
306450
13169
246326
890810
183207
201469
97557
5328
101516
734858
659469
774482
985903
852037
45705
582314
621802
236696
184175
423470
941310
835992
708421
675252
955017
208035
681848
564325
639991
343927
570611
241522
128922
360373
740511
291325
310668
872580
277229
969408
480765
675996
215627
872228
620998
252907
414237
585877
566408
933380
699359
610368
985668
902005
430837
590320
359616
477322
754471
31109
835874
726820
379992
729035
28130
80233
536968
845541
408228
528792
50495
191808
362145
351274
204256
18855
474824
627553
889583
605085
165333
518467
982434
287550
606879
876847
746343
267429
447960
632507
856840
987894
549126
292614
352961
172010
468398
669576
797861
317840
431965
608538
230306
765444
19815
44470
344091
117554
677417
370860
570544
589019
632975
702416
631640
853158
290701
947596
540038
756254
841739
854793
483439
862451
972746
666721
854645
953603
328453
350192
495927
790371
917690
299393
38269
645124
334622
435463
490564
16654
129023
455751
598129
368097
525878
197003
709097
381811
237426
131478
308054
662482
469409
117392
676298
865687
811225
260602
760034
792513
877675
883246
659462
360019
443017
189671
809737
520467
92950
847683
740020
140378
227810
306928
466857
892051
319119
231348
296505
655329
862965
106437
560546
881411
153507
785250
923392
39946
419422
174926
418260
978465
646941
722386
421215
760360
327358
704689
294893
422057
792840
306624
570481
619399
391720
829488
670781
183277
337519
404777
27903
903411
858614
234077
984223
958049
249051
10610
828205
368182
599597
338381
390544
857360
265103
589914
645798
828855
77901
655870
510785
828637
741761
523644
632930
367652
948858
851537
986939
751083
539152
377010
742760
275065
820407
191977
809216
483045
234128
329096
427393
165720
734509
559283
179530
942483
535122
667258
75692
288359
918467
793964
246353
820880
714833
62661
508504
41734
24769
575557
707313
920437
766069
234079
361101
199538
401390
228402
274714
812496
762314
49547
166567
34808
953790
351588
178468
941359
36510
301548
931842
411286
348824
291637
286632
51571
289243
633145
370217
391884
167724
283525
432725
879375
45293
72646
517167
871219
267396
495040
469617
98382
717306
36187
333464
284992
710515
884127
58399
326008
601276
337782
758445
634479
219135
496096
838111
571329
822671
801023
79529
140436
69859
680996
373929
732164
535928
780713
351613
292377
270760
442578
231742
749438
381265
962625
861682
683208
775337
896235
732372
416912
466996
464448
545132
35932
552399
33601
613486
102531
511189
950248
578734
137292
774
289719
81526
759206
666473
653994
42898
318609
898984
717638
465452
70449
380441
273816
396783
980457
979174
190777
434713
346354
976112
809761
385190
90228
311996
524256
17704
300002
944979
679815
338014
731290
585982
16956
711103
100227
571080
6158
113500
643615
663332
64625
584292
569511
867550
758183
11152
282086
902414
729849
567420
5257
72490
251816
699579
259049
191310
55885
230849
389573
960762
433227
320326
511152
723443
588
92762
619449
255453
451362
407149
628781
355109
478603
539060
357948
337823
609654
520095
201176
553546
618249
61372
840227
455669
10556
980903
503849
150793
509236
196877
401739
790559
360478
922187
849431
297246
263705
794521
453558
644870
236222
404986
597582
684961
889168
761168
633413
87023
593362
188719
966708
841025
726866
237926
224792
926292
654883
524419
498570
246240
119609
179005
274843
634036
632471
825470
58155
284380
115781
520967
928154
440000
101753
60530
274600
832884
171263
377510
859117
940847
130523
652017
498247
671999
409721
888776
949828
657143
314355
746792
109708
855164
418569
796477
444444
714911
524237
857187
230050
927066
329367
454067
175460
973326
264026
155117
837513
449074
901251
996001
402169
399767
399964
786233
172484
530219
283802
698868
803744
253668
691373
978965
226953
559135
584257
604314
124489
540502
406057
636399
523612
220172
553712
233080
386268
86920
31603
535701
299358
477100
687105
409858
620452
316791
761261
61329
820844
270999
962653
588916
375814
102274
418817
501807
30582
231207
449006
284364
705601
916444
996459
815970
748329
159885
514892
453183
630460
742708
40285
583574
135931
713949
380334
279320
804655
168549
540422
84678
934928
341591
149047
115110
507078
919481
548765
274148
605615
296832
951695
202888
847346
988912
437151
227650
707100
766586
316448
664618
432766
134046
816663
232124
916249
314419
110838
730569
316492
377696
256699
816082
472838
624989
769188
392251
254246
882617
705828
16477
706271
564891
677027
742036
737695
482612
774680
668472
284868
94369
867681
869686
881413
248178
219627
197196
431087
548590
385702
630030
838915
566130
928686
529094
645528
249077
244368
93477
261686
523953
210719
739943
383273
102342
225945
28018
724432
569777
461242
491573
244695
394708
768469
722239
743371
197361
918734
998176
246397
647653
813223
889554
428899
450210
756680
415428
703190
944502
449215
977548
136265
780158
9007
477778
113680
433426
248636
214524
126088
867321
515714
36770
343507
435813
689376
297912
269738
967810
114404
793026
388190
294689
262944
105116
493352
558094
124420
513331
573280
746190
101842
809634
997334
230299
377799
995302
669348
367287
789242
970392
915150
292409
110715
116427
644148
486385
949568
592104
719550
513606
70949
234152
990661
234845
987655
459344
86407
132561
801921
620591
902700
319581
438517
413710
549245
575863
159270
671171
707234
941685
472193
503929
725419
31981
305577
828994
879247
219300
331750
634222
859195
203202
842853
455631
434881
117043
892746
471424
878989
158386
418672
745674
298376
238105
868104
470754
722489
595598
198199
181421
455379
16625
442685
912713
469984
836552
986576
524058
188722
423231
459513
446543
699644
636325
975031
520951
775110
678625
706274
438328
762264
109272
446226
67145
360163
709137
342340
406390
138613
201243
234943
236745
855457
745611
136786
171433
843708
949862
784018
311638
830201
501392
77629
140291
360356
499353
975327
180694
321445
487073
225792
992179
815558
774060
113401
234074
763122
116815
218893
757516
859922
994211
296834
946206
80143
345520
703095
332290
544717
996334
804499
664506
668769
284268
744122
817180
171995
977615
348617
742425
701864
578463
225941
74831
539587
238976
631865
630458
353517
507076
825545
418471
568709
940673
728285
417505
610235
434260
344973
201204
561303
417056
425743
840523
421397
379789
55432
842207
915033
260177
832384
523818
563522
277963
537850
225345
196412
885573
102765
821987
199379
230689
292655
374291
132842
575470
449422
756197
415468
85519
455933
55287
951895
351008
161036
261531
655865
372950
377608
308656
62793
241322
78070
471092
944822
39738
36531
261553
558625
571941
640761
813786
489122
286759
575618
217168
490792
81498
308367
162286
348037
704513
283986
851333
41833
439519
856499
248264
603305
196553
342522
62341
598756
761124
71956
78799
509184
794031
820470
244191
764246
605989
479318
183129
12849
531230
93795
371419
837035
79102
639812
268353
652051
441997
263993
989585
160732
864813
929403
71382
341651
66944
848190
39308
327200
659507
395559
841300
714542
534530
705906
219049
973901
585109
432777
434655
261449
480236
783588
637472
418925
617142
303413
562034
813501
767916
738787
962439
270560
641173
656525
245780
759023
400760
74721
324757
991956
773111
834353
283175
915320
630591
923053
418123
596929
73577
128845
307819
446383
224321
996297
511041
619751
513801
436951
25974
232118
49303
872679
901123
550216
64042
217565
208189
115576
186231
385836
822211
449985
887474
251084
629731
812331
659284
889743
297632
277558
695008
836899
988356
255599
752911
637571
299971
616338
783930
451530
305719
661655
562407
668127
309009
36807
514446
539786
641122
784954
618520
347791
427842
639824
771396
916831
786363
672522
765350
39540
796875
865721
119017
533273
468948
105250
881232
153118
719705
897849
334845
435683
883437
917404
416880
483654
75801
748282
556723
79967
315245
413398
204947
257494
281581
203121
218286
855286
152699
296230
233292
747710
101929
379478
922677
837671
803362
394644
875802
801648
479898
699245
321651
65210
536047
849309
982071
436819
417224
206757
169290
963310
876985
133460
559621
671182
33131
954889
877658
750644
797910
297972
534210
122384
822014
13604
748682
328583
618790
495520
547068
515824
784190
925573
259305
839591
187264
790756
131256
990321
927656
550761
659396
460069
660514
365077
246970
327020
147305
314523
992052
945561
801839
157251
673342
781760
557575
926893
500120
310020
87675
278297
15644
827782
324261
610076
665550
637524
231900
351929
795580
304955
914392
217021
94426
194662
539337
294552
20191
494854
873807
16210
435683
686452
198346
518386
696472
560994
83313
258367
745897
236343
807309
597389
247426
295227
839202
623321
524667
493300
204946
855126
202154
954500
341446
919032
975078
247778
503043
277279
803965
59813
604011
359288
727772
43001
348515
928915
257749
665620
998932
368922
15917
71082
108066
264416
385920
657515
180687
154206
465136
29694
734656
984438
291287
328082
919768
133568
28642
807893
198591
678135
942209
367446
401934
269687
106136
837685
417369
560658
508017
794085
586962
7373
697404
689103
239134
70686
820324
857740
368644
540545
264674
676460
421825
505627
231516
410071
567536
725552
283799
960453
668592
884359
920888
691211
499118
425451
510693
76015
50382
995461
950824
958943
746265
863362
375784
479886
126864
303545
658880
807470
561515
279436
473176
902208
763833
909862
400211
463580
957384
539191
889091
757902
749800
291519
330992
405935
451667
355526
497161
978713
30159
662368
941703
228483
497463
631339
58654
413862
471836
874624
576764
629178
905368
597362
731446
24008
843194
635209
447961
598835
514123
197190
9538
228881
484144
53491
11952
515420
214767
932164
709568
324887
561493
189791
537969
493480
551415
818518
567624
121543
506715
322233
197139
512167
362938
336078
286497
843034
74860
668935
5655
671969
424524
377010
430750
918312
46177
778376
913467
292142
978666
717999
651884
563345
587108
597742
502738
96461
63187
18803
892801
444854
861867
129672
597349
46358
381262
768108
885926
578850
245636
20303
826062
444749
311641
587055
626460
965542
161414
587871
920249
9548
257104
344892
62787
15496
823912
455058
276482
531634
466570
948110
903138
324274
612542
292047
472879
593928
194676
345135
554818
687512
587656
572753
651117
731883
817512
562522
532360
896002
37546
875327
520967
818355
86129
226037
788818
554130
250336
880435
581262
919797
56876
293703
539783
939989
197537
572287
914245
402178
676623
707561
801851
523201
312083
248424
958844
396341
553030
896941
637164
763662
144753
614229
14473
244530
110016
661233
72676
148536
347044
931310
910870
96433
610470
275456
337761
882143
426577
527647
896438
999974
587107
189241
150391
283286
483010
88150
848934
396489
963095
235060
186252
273378
993814
578075
41984
883126
978684
571530
841931
80236
810674
42850
672603
650261
610920
453908
986742
761174
103934
648425
67231
60316
38672
57642
754089
127121
892042
667685
734942
288049
304256
66512
528871
989684
421246
499564
181035
373954
681395
737500
915304
480060
929787
253645
547157
985584
865866
560162
533977
931790
616201
477723
405882
869481
51315
188071
119912
282253
796793
124898
754687
177081
870395
701791
248425
157917
179088
716738
292090
176369
470359
846670
208152
382517
671625
256252
197605
138412
190675
170299
244050
601050
446644
538423
744294
812966
763366
434257
848815
884750
110642
419054
174596
434811
348098
133627
531374
305406
392973
147356
102656
205347
581253
22457
265709
957419
181658
438176
227247
553810
780806
828488
653827
985771
633246
631847
280387
866184
85610
5153
878338
262750
103324
296616
908721
916517
560371
858648
763895
453596
465705
689889
205351
548286
139578
216899
192123
754008
336790
370693
409400
269486
598184
107616
905362
908088
281775
235626
800303
964613
183161
465523
785406
43307
101514
797538
433334
943301
311022
308665
226134
66398
906589
714702
148151
676206
323287
141209
515069
389326
723157
935272
399335
415257
443299
907437
179796
969148
332647
4843
4818
778566
433027
578592
470751
103167
245132
192165
231319
207381
713505
498939
357791
482745
611737
535325
775581
76027
965938
118488
914677
909960
725670
778484
875287
1026
727815
25241
803060
848770
783836
53057
630250
920347
315397
241354
737474
262214
678202
471514
510179
785818
766965
970012
98923
129046
235096
371086
687525
546470
260659
70400
158493
469872
885892
258711
451267
969172
741044
242658
244455
651584
856701
935013
849712
34699
933204
968810
234264
871124
602644
189577
85943
898553
684218
42368
715161
224842
275291
657789
330026
637661
653009
816758
174648
850213
55296
382738
714363
843947
167130
487244
250614
23613
531653
714463
319786
836384
350206
649700
415606
86424
536641
562290
15943
516800
446969
792742
47097
675575
83341
457358
3632
70910
107399
485364
160600
692490
231620
631392
410770
512580
106348
185006
766757
492032
276703
217126
458901
77916
102256
434960
153480
159654
115805
943000
153001
614503
617488
151172
735509
815969
673284
391548
537845
444017
912915
501575
900185
320833
726056
114739
6426
808575
599809
996638
114015
37256
82180
635058
841448
157143
728467
164135
587687
230953
404361
80728
293979
739829
716853
732215
84293
36408
482586
428171
613023
113006
107833
265446
843943
405551
839883
245049
187118
622057
695497
598992
652460
41460
741422
971121
637338
905934
114032
840744
710148
384490
139353
805311
777726
514277
654886
850588
642273
104556
277835
944000
151122
823228
210327
349741
892445
855170
74789
547980
8423
902437
206342
946963
772025
402680
316904
881411
310113
389100
217595
142315
392411
778646
336264
922791
688934
441182
455014
99507
325327
508144
108700
983449
700688
501905
82025
942703
452245
789625
371285
439018
956491
200218
115740
196248
567023
610826
777382
949177
843791
971156
4870
496058
572109
743145
562157