8751
670829865
258832377
15271281
197253685
172018167
73003736
693105283
806669216
836701141
187577168
355329994
295760208
494673119
259993188
195346407
392400058
655691994
676024237
599009564
650569502
82386637
943437551
536596324
250751258
854590762
444926723
36374806
131592423
142522196
662820389
440054894
215288566
338704945
156248534
647520141
116771879
509060558
784736891
898265972
488931791
229903725
169928515
982286969
741215405
450901780
481560114
559531416
992249943
818910739
745977440
986679839
308279454
793763923
174324019
179177364
705394127
159466634
647845951
693245224
323562370
606081508
1084085
617023430
756283368
936474013
306939865
430012455
345591982
575097098
495208113
529692510
790056701
321051856
294753172
34033553
56400281
334229179
260910876
121040890
739346231
533642483
922479051
84220360
817512243
69168132
484766264
892413691
926921457
245539973
604379496
946248043
656681268
919131907
683458071
352730388
956861315
977064209
861579059
919926915
68029069
486363677
739017891
887751870
10089453
39501492
545163888
717399382
878418504
220848069
230692008
278988414
208513670
809577872
606322316
536417737
980165460
983233574
248816643
92556262
429364083
825021454
772200206
445989170
728091611
834717574
924600682
500058109
642368409
491347435
547278174
696258534
799485169
48852656
274296845
915209323
585390394
918493451
217331112
763416063
73896808
664473801
850179342
33289996
428293505
61309072
894164800
42139264
122649013
855517206
173225299
393078184
212603051
176023347
158382315
960188496
400485518
526856371
351159524
879634861
507452536
437996826
649897642
96901124
531964796
465376468
555155006
728290856
699916834
668572831
602201752
793091896
900316246
892898127
609877511
13629840
871130637
614522702
828780323
928326130
586992363
65463708
556094502
662428352
976120471
783729095
664010232
222028573
732745187
720380334
390688872
400994606
176699692
977228619
440691023
843875372
750795000
68684406
337272739
478312459
792875459
86485244
322320245
86541177
491745841
77996799
999946505
815121982
339334547
746931883
40026593
226863127
754086822
616444449
973907183
652487242
438856234
686739763
993040819
538339927
978391359
81695138
461730776
429480710
142081808
166151630
599228631
509827157
620768392
713097307
701730276
43282488
12771222
913677787
892352235
923295110
238822683
638918244
675491187
970248716
80680044
990737865
146848635
383248531
888361286
851679468
872771294
156077645
406964642
770142251
64523719
643959668
719018398
200616598
157600685
912172772
628426262
21224776
371802489
335545106
399776473
303645727
819228962
723490818
141937625
850987399
441419395
963077195
989330258
442599725
533810484
172787121
234973696
495001024
354826525
13819833
261443611
108900102
198888934
420277853
379621860
990616412
706151755
236737845
825817083
547424721
517379170
972861139
776368871
839480722
567215034
223825631
327480393
243144175
966715459
829048636
878760572
115975317
381353393
538359505
85334793
62841021
579848675
86458361
999309842
819595996
923462924
70992181
136873932
195529110
82947024
240151783
689721842
489217040
352869082
266251053
270611569
790560888
573278724
27096796
908148019
473967516
679443163
644231534
574047759
225176157
940319654
944707543
558330267
50840593
169428370
976710888
371743144
233396681
347906356
569064108
707096020
535867828
54620818
887410584
236855193
208253165
596622252
36056228
395850691
21411499
668473064
599725577
718048475
695915355
840825072
450292382
154580511
866739733
22574196
164455800
68998722
563344866
275789757
624572963
295557017
871687082
691652961
818265766
708264019
349783560
217772299
2327012
950923980
730853634
892780237
355445305
175731586
794437297
411079076
730815364
506014265
688409827
785592109
195513336
291666764
466554811
653717294
885189402
301761053
48781996
565944094
72028478
289297561
530769454
480713051
193469275
905312253
7679509
132077829
679719872
178344690
494837303
830253348
307925538
464866150
905729277
155981439
218993597
31379787
493446329
911209061
586072095
77974114
35219550
308849798
547907119
164251025
591092931
528732561
916059604
224886760
809138201
944953626
719034107
859045733
490436226
338433126
405963102
84176730
602808062
763637772
828048143
61156128
797712147
293400593
806861182
39000876
731975175
644759849
394965609
644185036
362798083
64422608
22536719
507603964
934648837
302753364
52332251
328775816
765572395
410929572
988433419
205921043
439692824
890219038
214455692
19525617
136189885
711478312
315112289
753251595
69591663
425896379
169528309
610460486
597820283
582494550
623919091
102730294
145025920
500336991
956957646
717370670
292444365
34301082
521551964
627022914
455891309
405395458
511134065
195538832
423372639
716210557
410778285
24387165
346600119
206879385
307691021
835309799
682767940
54076462
186350465
464497202
461014115
92176762
663411290
371583609
769722476
296956402
145076307
52527706
609700670
365397735
201228089
222005245
726271693
905541600
970457783
322031167
25025071
889331765
966864855
386244425
534239063
618631743
728062753
632483218
387677207
71646709
930421769
837603829
393659135
351726571
728757358
652483644
347035285
851785186
117052263
619936190
435765488
854114431
176964151
364504545
253331993
756463351
108731175
507962444
555320204
591298313
502559695
410899298
568951606
295383566
27801173
21784245
866965225
722213154
53281458
527198774
518664518
415948733
770003778
17214226
497364880
179679999
393960828
569242164
885745417
511657822
635467428
330382293
352506765
326843328
911336162
472673203
356717299
703783281
446598758
758286094
169792549
332801107
693190166
404231471
337720225
97221676
237349096
194715350
519278078
127471690
617578089
642379363
643837703
99524930
563248823
307480982
70293568
56260543
858916576
213405453
430356703
386191487
678645325
928551563
185909947
61181891
335903412
730337638
353570661
503606438
257477615
526441795
609774231
539777168
576046667
120503353
829483161
237391330
484540604
673489484
439652949
228732138
200364954
5722152
328052565
841778582
965720536
668172751
54971710
614928854
383949957
976633242
189035459
1920422
779947308
682057254
332578231
761962303
815465958
44523648
70127317
707904572
229914428
788778159
154174345
928389017
146135682
633032499
137762285
272316586
500738751
263444806
324637331
1188344
802967142
166220875
245767357
208142317
568138277
527925911
730984491
35992458
345099812
913822488
514477339
401415479
195035193
599807253
605594228
488177790
895615034
872522856
257811466
333612943
388205384
994803143
865149007
328009904
436265259
549331530
68787298
898335438
168951013
733133026
64230404
302584252
83461218
180180168
651065419
958154757
136985007
53546651
728537755
130634107
155658598
893403775
576522656
807505099
15802921
513402849
664335736
547021334
457250909
306305608
620474740
980250609
92692385
79224402
782677315
31895559
323189080
794391061
530244106
742568080
452480520
755783193
295739073
721191366
82069233
344299518
990705700
917618834
927565318
770336949
885018953
316845179
863614950
601245025
20019160
920412392
873690606
12088993
534055390
615381188
715761683
60349770
92656768
811425068
487103847
75852397
300300796
255992688
428120528
77703755
401269039
567229697
63703806
649479633
545374394
156446746
154354058
328468888
985192879
243243922
209955896
932590354
290245605
140657059
541387248
960351226
966259710
920170498
342607279
55357487
496841846
768603002
221062608
2369915
712372577
748394010
768561182
22431731
75081946
144452130
82266013
316584843
313255756
254852371
726465662
867851271
389233421
88617709
472045137
6568618
872667009
778166510
527848573
549822374
669006019
802822287
447943600
922005285
118897729
791548938
192679769
452838705
129773002
549793892
777218241
904310832
995596998
546971626
683906575
148023077
859361417
736017206
943477468
555537153
828701466
31721358
595745849
938294040
405041230
599607729
960057283
586740170
159461822
301812773
100911321
896748096
572877847
801626855
443596223
240198781
515035924
794226104
714295337
526506336
705823196
370567019
754237598
686896504
316211135
492203774
872032937
31452911
999002607
771847244
976811544
301509877
282670346
203810987
486209208
964056975
677656506
431023460
375678824
195573490
218602167
712127219
233249401
80258089
85275028
340794860
875317878
491875787
460547927
68014498
868117104
83094730
959052358
823095726
348976969
188659063
165241161
409941332
826686025
333916224
136684090
150081006
782305385
737809455
764467723
194344263
465461598
465634410
500792177
511768093
966939633
486218039
737887385
559626663
947020747
8330776
248330167
2841224
661675137
758005627
626076741
707285340
918951895
401525161
138262333
399984849
425519551
713418580
279089214
647187288
642309554
598648385
86444768
26942256
811364946
540333333
276873494
603194353
976376908
44459963
840150489
304286458
244549260
631647416
554679441
532874337
939675608
118819964
469331563
741658814
165387611
927044696
193217302
296910267
946796330
588587521
460980427
123590719
113004673
253841699
229472344
516060601
140384620
164527485
735423393
616838258
307272646
9544127
975689737
170504748
852127703
742233585
358919994
449226491
312881135
712754430
120799029
909442062
712806240
926754861
330410595
990871195
231437601
65190132
755091874
270705409
29345506
105874023
322491103
943028142
325576870
11333619
499461921
591279860
47766935
877990263
65766650
613293659
387835784
101601613
619549086
89546147
183332305
699480934
694395115
784717644
532928083
351428747
368537379
550137182
97665877
179390850
841411546
19263680
593852240
423668194
106819587
694998128
582679621
331420133
508827468
221364159
897392937
345926223
967088837
518682658
904217626
339568692
856174519
185823856
884642658
156957967
61291404
62837213
166479450
956203753
563456471
56229089
851934094
880510715
267617165
453336117
909676965
74264147
682981911
519485589
550133008
976801743
792093513
464467896
530867719
801811006
645068578
873297486
651364567
795856964
642841168
752528749
329485431
808629995
614055458
715233248
870966698
697848087
911533258
359054321
309705490
593870648
592361109
710087348
527678659
188965286
499330929
551350173
431284485
473535257
826618516
263694392
278283477
527143323
612220091
538723706
649751005
350750351
693453015
639082518
23688785
488342006
696393063
420311952
162225859
824822066
836695707
328578021
605910668
684933869
325396867
267715100
489157570
53876496
349704446
899086823
907726374
540855943
704257865
870700010
624085307
930246000
93315200
476382494
125104128
109355664
935106908
323696519
978766854
988375664
739882799
719591205
978199170
171596980
754233095
391534098
759123619
488788424
760738599
37957968
152297087
527888710
828416516
938987328
871959261
677953349
876479743
615267708
802459815
483845783
594079208
101189412
945388911
663459562
316728186
554772495
37316929
295340786
159857433
210532816
842428393
988803099
492607810
530167716
558626808
750518597
141650208
903143600
272135831
377278868
215050828
994112575
556158464
976212052
443600388
476423340
742887156
312756162
424052628
548316272
948372945
177408640
747631698
156913564
188152615
457706859
276600313
12117296
922792528
246375168
57388330
290471585
82560484
706701507
831122584
977552004
311250134
780988392
527215377
908734042
311980748
844806693
944495901
428390351
709475081
788104478
23292520
454343570
709970640
961388684
17423779
485818763
8644568
481439999
815463329
418147638
51821909
376184324
526175523
465835315
831357816
641593852
695547961
931657466
899121073
711957153
334054363
181085858
837041093
266079251
993281679
11475363
981762176
823790667
712194348
759224704
159001889
378306181
65737045
770227774
476767075
588547079
403243790
579262708
764252092
451580861
255317506
328740988
443105821
655616347
10849743
395142923
668471835
270341419
292394683
432570979
902371485
901335248
455220720
308585935
687678505
447485879
994978079
884786719
939169494
263600298
549656506
805354780
918920262
613050385
145652736
470265338
628364741
216126047
807967556
254915037
640274665
121823955
406621916
266641527
844476228
75371810
861915421
289366620
265785620
319821854
292373953
283040269
252164047
549609868
50582901
17346476
885719861
7818831
712008946
764878161
641559595
287203736
716279706
387161703
225397809
859134756
467431819
947724381
548032938
964605188
801389461
340246743
4408616
558608992
427885439
62310103
512450747
364671660
666813315
56122504
555978734
27701669
767132556
44039726
373339304
396135405
166914791
482494247
531462671
290581937
45605973
976259448
253092665
153564919
966492547
397621725
10243867
667375753
96619567
761257798
249023111
619069563
695808181
799425156
99398830
116088841
305607021
124175113
227861595
637375819
449503230
558350808
535241137
857008919
735632827
681226126
511749567
972201692
746621211
329868534
892328235
949696404
862742318
425425345
34894522
699989554
105995768
288442963
41025389
760711879
166228473
839996028
129302014
838780421
605898119
89705512
995721807
223673347
785726706
737152939
286893343
247532949
872637911
218455973
552037025
833513921
537842904
298565951
15821994
233651215
423650042
572972161
104581098
455629393
894212099
95249684
422786072
970876979
458464181
571121659
473232473
876913201
299566764
887690634
181275800
693481033
599465546
780586640
920244636
101256256
832207330
780626598
805907832
910958340
103026430
483927785
855148515
544213161
615870639
709899928
706109461
952019863
5688632
92634216
404672142
988299657
121675629
731023345
617709943
683800517
576510175
397695591
907210100
317575182
572278258
777965973
256415393
271767031
685281303
381151533
447118252
199622536
825464899
258781873
584214599
562908075
977442290
985814381
251007003
170369136
716537338
751060570
528854993
240417428
11390444
118667897
321524072
708123453
758759222
745870510
973736664
323903339
87328305
289433238
95024885
312070557
384297308
953095941
154292253
475868777
103405094
938916014
40762677
974433776
346082771
523749755
294595956
516106762
431679598
107854935
480808102
972664509
938933394
951897535
220308569
992064453
227029891
673058084
346382391
392532110
944827209
593963422
897795868
425983013
265180062
928122544
866133501
138570601
408847238
888326019
479950964
822274924
575944246
696381625
294890317
272793319
167529009
958171112
989055564
857026684
432879297
926740196
620976291
762871707
28839211
418861723
890249067
380931180
38160073
798333416
711982361
459954461
358542228
724915493
565448867
752450991
627639858
219150448
316609291
504676295
149772028
804485329
628900963
646293630
23761895
6401300
360318341
731734930
754618568
687401232
478906985
336494291
92848526
555052933
57393294
491354099
27317179
482667880
262689089
910468997
104083154
745966643
136314679
395517952
175185779
218644409
397211156
171984362
811173242
768606629
134796577
591809161
966436111
370849609
590233602
166186969
744049850
784069767
453824200
33256070
700648064
499042896
686301464
989496840
252609783
541452909
83009436
901164098
350524716
600521856
457495403
444078945
480589147
808641690
681693365
970267023
409936472
246144655
498795480
158697004
822901013
489918348
875588786
239107722
915468346
966840397
733900486
93213370
114362735
357595119
634834494
495292925
910416912
163130846
831320896
519810771
308925809
991055522
107461687
103981170
788330406
66984641
898579514
4776928
244846715
586940607
43505208
221312756
728494130
925693013
694985696
453085724
589458839
442491925
446211404
134085760
242246414
79530481
849118504
65652889
972794197
397671410
623156289
226660669
618663955
714639284
700716227
520535966
194966296
991567930
622554926
860647117
731375330
631200843
825239128
35704140
931688848
568119438
596087124
580821628
881550893
33980852
381695542
738571641
940340178
118988639
313456252
95096920
585316294
718017184
589872931
220880670
960708772
381724716
513060185
617186234
981691665
318965538
853922413
127083160
196896608
466685365
110865807
159370443
219753025
756561616
951573894
424681797
166624271
416253262
550177734
994114018
569129685
99123176
850185241
518511069
874502193
410055251
799901926
603456729
933438546
319395903
513302438
191150829
261572110
298367714
426933649
629047907
789023158
943876846
673349860
38211618
310178751
668690487
756607007
515291243
738804317
689326087
827798354
812722129
399885669
727508486
250073275
559663630
970936015
492558752
986945907
230167614
433339759
604220389
599552739
909165718
53003737
36690284
931110688
233191863
841471189
375561712
705721500
230353498
705238696
333364714
961185339
830898727
620419384
16245058
252838898
666070354
770668769
343912325
85164376
643484394
48700502
708675679
355366882
764966393
792620666
450970358
992239245
732024642
984467794
684008165
224912601
425264259
477199927
637707474
159775012
192764872
446458898
665079604
138944315
222011850
791250458
961879467
663613492
478095767
853049370
213346410
912908467
850943839
523741647
620876498
55453331
82023948
340243779
521682683
614894170
495912118
896199790
659467913
983999669
758598502
274027350
994977947
263255534
259529137
693075811
546022842
517846091
151073515
171302822
210604423
86896331
419144934
796473333
518163064
643107271
813024168
123532373
127862795
402015714
571962701
653209937
247010186
348272317
483504114
224226314
433059536
827201140
855832510
372923071
542136140
949629832
144617046
217013928
67821583
454000388
498078189
150316474
349369264
446478925
927766400
97552138
757502662
845095518
301596405
65834170
390466988
606453854
928477461
193045593
531440829
540818778
700615370
401725283
295582229
673828960
106369884
153742024
454295886
999625705
854973418
521042595
505079901
142216046
115932836
456953946
59383032
912604784
439274187
26068083
814872445
168338016
541633591
520732415
60477762
83373497
739149143
159624732
462782688
404502543
515779141
46550075
964014296
113751723
498492705
629850647
767400271
383361675
145370184
740171581
185472955
891260183
205071729
561411186
650344884
432000817
369837954
600157532
87494918
909157915
307336751
170090221
973082507
778604319
712641056
689879438
22175060
610857525
292712894
596869022
442060276
187219318
520333799
972150489
380588635
696433716
781452541
571408784
263805177
293285670
850581673
843019117
228078664
790589910
71620978
868163472
304936647
729048098
61230057
435973874
30336206
816393680
564243656
113947003
577284096
24186902
360102178
946952591
634515757
597728615
833765407
512219854
85556003
437647801
2768569
81887196
324482641
454429538
224456738
451863156
195165565
249005210
399741934
251443589
259431022
791342846
94062385
916485622
355503490
191108422
728821284
432709085
785341173
755045558
658790456
660925070
648356272
517087333
236966020
475309285
309376167
903621492
187615780
339590028
976231165
29458072
414949888
143208584
273148634
948550996
553833855
448892741
447230206
648183532
345523268
52546826
678027104
855701096
24211511
21793888
887261928
48358729
334804085
326238522
409036458
321333350
827799429
847180244
542825303
591902606
609650089
555170220
316626857
302014133
857368990
667549478
300143505
852862194
558859784
773365490
486431900
381281084
653924459
115343541
301015772
848626961
76620301
384219699
662008992
818187706
596885362
678003600
76016919
28477108
764243809
278388392
321258806
160082952
623245364
360329213
54798006
250251310
704046175
714990200
675694570
498503591
301096846
54566699
529462219
871249964
438600041
546735959
621871964
537282619
586591160
610618373
895438922
723230087
638338875
622289913
971046103
546069912
18024983
360070579
373198140
513435728
990811634
46229991
951793987
190624823
83586242
418647688
289856998
626224071
617457884
391344321
641730374
297043258
575323359
9791336
167458307
727120463
469707696
70083449
243344500
442241917
806471669
650252647
558535612
960318302
582934231
713276269
919260122
824550010
173721840
288644296
976292460
600276094
630223001
795109283
443692391
386511518
776150871
396320001
842183640
870105036
297224810
517459368
164803958
704952463
80536029
175814406
32852439
203809003
179226621
308177920
54946894
270318754
895973697
282423149
450755208
717160648
692375119
934648249
334029786
510513938
631023765
694973891
700341858
461185074
488900681
122569275
796066309
416924375
907634371
400112228
737866308
132058431
213755980
929877758
902276380
125542071
71918687
700160408
169961092
276727793
759883936
125533017
604607924
787390783
294265216
66577478
582865330
92843356
369696792
792839497
34203913
247215336
491887820
749679134
87365536
402427570
106710490
599913821
248908485
374640464
707144669
116331757
625693444
820993974
562774157
804947488
326153840
448441637
915897112
701130237
134948909
961411819
7418611
83137475
143055144
59107673
979755013
843101440
760383445
780931035
139157437
917162752
203599445
466070007
221591379
576692951
901106134
125232267
350034987
656247829
257619016
583522581
287160322
966508485
827545565
217663405
859596621
799764823
981614381
47704918
973355834
702438892
47016863
336794276
950901761
644544817
863768314
777681567
951259149
32706052
64332760
230297078
290622888
420525630
395159237
817642177
37493317
30796188
44787082
876974914
305354439
729590763
351071162
999685076
642253690
117305288
781494582
191482392
963039391
818228749
977849267
719129308
251176125
190802587
653051150
713711520
832017857
602655079
27830375
841291152
104587894
345109245
66496300
681248411
852850934
629388409
682083501
19735691
292961547
607510495
620386633
163982456
651301723
733251868
67267647
536246333
29331001
140990024
295961711
417168402
301971518
448870876
39352359
152857460
735200725
213092774
388467161
204272330
730730315
211337670
46316552
566068004
714322899
662856899
761452790
815523607
994683746
81424654
976847067
343713303
318367562
976774597
625549854
687511262
622000054
272859142
24244045
865594497
765853929
222589209
592789940
15905314
196336280
364872146
228459297
133194485
365326747
447807791
823506899
76178606
406611917
55842307
183289998
992560437
482598325
57379356
492961483
14398217
916473928
674401068
905068192
942818227
612134170
87243131
578994225
981312639
168180912
828555390
307933345
874662706
416628207
955210191
911093002
943224918
808935663
444683143
854343584
549348905
586138573
334815205
854313112
453216925
57393508
994842834
659440602
396403542
160151260
618612815
523316044
840311863
701103056
898421240
11484643
883523656
640400103
274218654
482478497
966705041
782783537
724497065
706625149
382495556
261774259
486693145
429885980
467311974
395835381
165003806
492212640
376501087
997698568
275689494
223159728
938992299
434830541
726264269
911109356
429791300
732339049
286451340
218239676
849219172
944983086
587392618
793745251
700483114
133790547
502818787
700263835
297469679
976375832
772894308
359510460
142845867
258600436
443931048
634154742
397910929
707829584
328274799
118214631
486632015
709779906
370126183
667758321
366953027
558729687
762444351
635280430
256346594
51473059
377752901
323603612
484346860
458354949
99087411
221080279
762030632
840127193
240703868
151553086
301155253
11104718
214841904
982311623
478678413
517236222
943201922
36319091
491755423
8663693
170425352
467774658
678315933
719587717
348207732
833960344
700580440
703845560
614269424
248161653
104343255
248164290
585292246
278322632
768459426
630260018
757630064
193662885
804716883
577279623
326906367
824496329
160003413
400802370
384121325
946884047
151478373
46686156
512988756
890525508
53130612
762742440
547449157
332059007
240018696
452824334
86909050
555401526
118424374
588761937
704083618
354776449
994498112
579704332
738920727
709688101
914264443
306612923
584867493
352582720
402104658
855367541
20751999
323216835
136332512
276554640
818834642
994222068
961801145
860115832
261603875
355513975
440861226
433037268
305222387
735611649
527227375
251625156
502449945
518475804
850087055
770854270
399028231
544854324
809498498
33718090
830661540
714380990
521861622
715413383
520226116
111360757
794338820
36986682
881346192
108677654
96249459
194829399
131020376
550189413
989938666
316313158
238665291
147330232
473351243
225369627
845494295
189200041
56290692
459607960
999822954
574969799
713820419
665106136
624877700
326436529
482918321
430828531
747871484
683173589
664501016
652909761
898378132
364985802
626676584
533215723
131731343
446731020
527457431
345448188
226896828
426533243
889596371
434595207
510772745
546030704
365030728
736254277
917604281
894678586
460776678
416940773
723417912
36926111
492662873
553089554
304679170
190751024
163469339
859420933
964669783
27305608
269005530
804745350
6134924
489119528
557339378
39404847
592035263
312351976
894219195
459768823
920058570
75240174
925054796
606874906
518908929
95078752
762366550
873711425
73267106
182774475
592431068
128288553
75404168
980747314
882614325
526898016
823363916
446180851
148146645
726555032
237357596
941278555
609342743
589682382
960523858
50466988
535677455
659808340
426811812
842261163
121245339
676323617
480932393
668768125
622265858
5203332
428624018
539941815
770201334
705410027
736497738
529503620
390766786
435993559
708559611
967700030
263662461
975379418
170107460
148025039
460615011
976025731
255176189
282614361
679838498
395514500
159028207
221824858
100427914
677788325
9683269
797269562
690137971
384839148
139386353
656952362
823326926
320317282
680927278
769919399
172576872
521511743
173300479
171037036
702940553
891231418
296617139
652671573
254909712
477401567
301683032
389807422
115605908
381330045
93627698
483175620
865405037
347325867
179662605
550089394
617446774
924320570
323695727
154958761
150039890
993884648
74828619
268048408
533900234
246720017
862756585
80277344
900653886
772025257
590986597
882265999
648408392
852242566
869386126
42577570
80217114
490594012
130372417
356340357
676475353
538833043
822286013
173869878
19963795
499681089
186824170
477667878
301080294
428077708
778889251
73301003
492297686
364638931
816512376
833423867
248881960
934654381
218544326
133107927
463578948
832701518
252845427
926836115
237486112
193561079
495923699
612279544
276294588
723600202
610487112
888714850
159875372
529759128
481385825
176229621
497655914
678771123
588131338
741437021
672426748
351764259
141272809
132227329
434710003
238858578
538873142
507101828
329805317
914914561
96216262
956092724
36291125
697507916
783672020
560939726
380532006
642757978
722682407
983301610
444959472
116934425
669519714
664721978
217429457
977422518
747362698
800082413
876422306
538631225
457795001
479347007
214036362
929652189
545464117
457396607
981153621
135638291
804778279
949216956
838143762
819451444
864360033
346401148
786282375
153398502
104813946
104282247
39266539
459619484
266599009
857643795
421009072
415484428
423556454
828060267
851365327
605087477
804456473
665701366
299694280
680490910
996608209
623103766
723798321
462977498
549663223
673255149
671355761
777228081
107228242
133968517
806321125
27457296
751867951
824064939
326680160
701848953
570641694
501151496
18314996
301074690
888606195
257777893
31234064
213847046
456206416
315090861
43534623
323922979
833661536
182377358
978254620
805873823
444189188
492860755
11410073
194228627
924246454
620175035
29374162
722697575
118421933
991687003
212265055
364395170
544359748
720924820
344544269
246754925
728284503
8011049
461942408
13228088
347685979
535539956
633556536
628361232
705468311
412326071
671530481
490475023
572654605
677344738
762999795
129202403
744860162
577443604
209946458
849077101
695631600
171257509
60221573
228772112
382164545
961493415
335355975
522415302
438964636
705765534
698984402
19373170
552695494
992404981
916484562
544064858
307525249
41180724
363989348
449062697
449991997
367416717
578828934
789999967
122891397
941014491
836150549
214590195
758849846
133362878
785792424
981817327
128012959
629777048
87279245
475693323
774575524
439522765
647785505
777602776
722037165
328004717
160070535
517144139
748743031
147533428
506046269
660110368
890948331
738708150
296791162
616772502
862544839
254130274
993835570
155080542
985790426
252420315
514805826
671794926
215366107
797167298
43234859
343252972
810524525
416593313
978112505
644156874
852943120
61619066
610995090
354054742
143317178
998653302
507523925
556172606
932073264
843480750
307886812
398564136
658731705
834982392
24709073
6553267
952960299
94750564
767563010
65473172
91216992
519153265
609517028
321029838
479804950
415382350
977673045
318391826
986937193
917951716
193611413
315479721
144753943
729200619
852600814
917047192
355111106
980977656
848214376
940483565
678052772
37034015
378463465
634121265
144583059
858629874
955998896
357861285
356319384
291636892
137820970
959598779
392227364
51797520
144829540
558292117
772571251
599410278
633000927
72839041
726738805
818421735
152481515
782981670
410704306
461696285
570480007
950044559
911202789
270462825
782371726
626109365
520983086
215510843
850579802
664949702
532804645
709276380
221107713
389963203
318834015
261853577
734361575
612161151
345536358
412315981
652732348
116578502
575348978
122375741
219285072
710079672
171834869
737338297
820739622
390495466
965735751
853619029
922757219
900355377
84245781
886670111
492152477
273449001
212126965
83757356
683784930
593352945
6760650
56420771
56750516
665754236
585608906
948940506
615828374
495640564
265434365
592412364
136295061
93278984
670804924
951691366
799328123
245137004
687876931
175309127
396969274
620950044
810288424
626125556
295066151
833238811
81191635
343433030
439294631
799996492
124827092
29466972
983700785
507031181
36875525
210492755
800392198
860290019
833943711
726515466
496370322
865225712
122782873
195599614
974826150
894045662
835769327
558693745
882502005
800745870
733363175
69845197
678461226
319093860
806687355
458432348
808894228
338885147
502287745
741412962
513474950
786146160
169554566
663275403
127409138
15825377
485525034
883284590
274040652
794950399
233617104
737728971
253155769
958864569
877748466
805397371
217977347
200434248
931588459
382871124
203945261
2851968
273490821
506968890
916624134
225116341
78823674
410440062
902276103
808156054
894628074
989789521
487200649
582008220
518038011
108601303
730965108
110043934
530736602
375382898
640333807
272973666
683969087
707244371
475227294
984497917
915322218
182022784
529304434
442557863
887616306
344176974
195516326
165443187
590967807
695143849
325106622
415558978
676215970
703203127
621528981
7956566
57177817
55695279
784097805
480248274
540429492
248782905
826236060
896981232
534615548
287116551
930651721
532696136
728381319
366470931
525422950
587303307
384042456
594955176
795404278
241490510
399531437
753725700
210818224
453063859
231102018
919994989
858461899
645221529
780970264
565146816
819366283
498639551
954562201
564857443
69330720
625074341
952924851
424011806
144981520
947571724
102200414
764676736
167941964
195415677
274176405
454436852
805364589
759422586
258042731
169168694
726167240
199313534
718782302
60242956
635544624
890469431
969268158
103090598
987547117
163613559
398371646
593048915
995970358
202435373
613234162
373246569
367840635
45956851
138254098
930936821
295843633
96637107
756551825
379881905
620167843
221406861
748902408
340255588
939826012
249418772
71964718
343810096
177839884
716173516
880729998
629362371
42065332
274441530
322769536
725190312
881575254
608075715
342430265
776025187
27700237
567964946
555180110
893006029
302389964
682513884
317919070
737157824
981799295
20691609
49269661
127979087
244059506
477623972
691149747
703948049
962137823
514207442
442189419
451325398
109528517
171958822
267624131
688073828
801192568
936460472
875136738
101569240
441181197
210310489
414118744
62180517
666971871
339284640
890783027
968013294
899477616
232999150
545242312
777930732
939431245
828018021
361416213
458188827
251854111
949138564
19634933
49313965
790244644
806299023
46266290
26520328
261823365
705070688
663857436
142280559
431463910
517497074
759780768
749492117
857388024
128717356
17709745
298552305
42169440
768036548
2122543
349004156
649127299
546928921
871121775
226783200
157859128
385991745
748699505
893770088
754821587
393163880
815001795
720024877
941244968
292378264
409651478
27741130
804995878
455130425
39711417
861306223
634652347
432027961
448681084
792141698
61453829
232049250
728606944
898913747
888503777
386780873
759994104
66058711
179772900
714342795
257169401
902566102
266635639
693435501
935907766
251100125
304336695
873365611
816390823
971235294
55914408
111802597
922507445
837643199
54170175
318168661
353938835
566045521
548191347
163954206
674363277
77373181
174989358
574455046
31467553
79415319
700685583
385697567
344213599
220380012
804324486
874897437
45599498
970309846
648445227
595247589
387472256
162891209
972537634
835824261
592415619
197770777
372195521
277566024
941585447
2533410
135559017
830591018
51636157
475429605
249119474
542830485
121306719
890344679
344777847
142712295
170369939
799292952
891111376
704893908
969653200
4151050
129689532
186287789
948274102
893599390
543394744
889435865
237902142
528633573
559986394
989715768
230018212
759920475
355398513
624172360
568858625
456896753
991680400
637670546
812441679
445942605
59114282
121500029
552783022
519824750
225708081
172317376
676714554
740423233
703582515
238598631
648114101
310502617
991090414
211202124
359229703
885371408
321350689
918083590
747398434
480527916
484118829
312664772
597696174
941761263
626078702
663145549
666144264
953836346
842434707
586505822
69197556
95135167
603690741
496069083
779857115
660654082
944805451
198116794
85242383
287951053
672495265
89734277
111885382
329984284
335165379
635363398
219499347
721502267
740789712
405642835
137947618
369341893
825176
663852544
810754675
737135202
155756308
542481079
594951489
206594549
3638432
140351765
196537390
960439960
576938513
528822315
638292633
25975270
131118779
589612936
241765320
823132753
466673212
645097319
987645822
796348027
732337629
328764282
33252080
609214064
74906157
693452987
398437818
642035254
606829171
769695269
727338057
685218353
259927510
695384707
420690327
181790193
832950071
842055259
326859463
487632366
751345912
588487769
538638209
688437214
322379594
603433151
244933202
478485659
172406808
94133058
404500816
625512083
322334207
714011328
999574914
708382172
637273612
928543566
83574955
1442620
676472349
671472517
282522104
857548715
537947642
108792173
269307023
6241202
420028706
687177341
766223675
316757940
288145863
703929678
502462695
512182570
263396148
126916841
173607636
900314932
660675636
888583769
173345654
11117828
606892479
480667198
13075670
32705961
344475945
858291838
500162510
891268627
760913087
346993812
569794620
224234573
391834380
110458386
92476150
883723065
676402889
249721527
240106906
243951030
738756847
114237562
409704907
416619882
90642491
515678402
128507951
19361621
518241585
825670572
359236171
12655454
657819396
818963287
51666555
572558120
927933742
923549371
988003266
646820072
763733324
125461799
255525294
116716195
120112900
720823745
769458429
825926137
909789957
16248219
243217484
206934709
584790952
531810473
742001958
104455182
606569423
436043775
368708033
354275823
200558773
506862683
216932837
406504961
491889236
407024293
781724413
448062953
878766245
877748536
135913425
994540479
630990172
99881080
952068047
979301375
463654866
174390787
600188139
44067534
120540731
897246658
393700054
701791198
957284389
520885220
636918528
795241443
600636308
525493337
93966915
405231045
450461672
714548621
922295490
822301320
183196870
633634026
717691968
137790803
169052681
133116929
825470599
488417489
206634375
399056823
716559521
784502047
300657518
489656998
471478539
514405211
96675866
329423322
422382224
656004078
878732328
356338853
928431859
810216101
688320617
842001453
314826544
767156461
581526424
927297920
904109248
915607910
727063832
148780152
936274584
102852668
360730669
764146987
47709567
826641365
750442291
914895491
811067318
665158612
482539608
163399703
871481969
273348292
968755875
467530176
225456859
38818123
558545809
205312732
531533890
902936341
525411008
297687679
70101015
765153550
640337263
808601180
993597112
640728431
349312270
333248458
504450970
385485516
502162964
726984290
994650609
361220269
632518987
351297779
486764510
248615583
798894530
680514681
681278395
21182225
30883132
141829859
330106266
971947564
281895592
189864478
790068291
891597564
876131281
502776581
796687964
147358616
334799606
179328896
648258210
752108479
255288692
5027974
334662560
751629213
46911558
762900007
650455013
366017548
598003940
228973729
578350951
556072396
615024636
179152373
371598071
24393310
785050896
84314523
69549628
774478751
806261017
173768900
349009846
408537804
691780586
99546092
29339260
571816559
253136947
398296601
299886852
223475697
792261461
803155789
788588574
586497568
26594188
238185040
905308703
717462591
143353755
889980681
72289234
248258705
885078471
913784722
629027353
258514772
818576863
725113303
777168426
69759722
220069997
610966437
565925499
355302808
43080689
530679560
354710213
254333737
534424083
168209914
222464616
199044078
834993166
161765316
7357977
518833023
971838266
271568264
113804473
224562760
291032924
864657135
130841268
633189597
867616797
584917543
83048775
592765219
391423128
208918779
144512428
284187493
406130848
777561790
161545442
394154060
963105925
120606105
56550227
334198089
777789831
502293456
35894999
916492024
104623396
252840631
249383707
791206075
315242171
410140757
7904856
660141874
93516249
856058619
492711938
62928178
881369902
792427548
404657928
581539077
146364137
663517711
176237541
390783292
322068872
206439036
968080920
426397771
619958781
7021762
144636525
2937277
435932202
610431229
461982906
367410104
677386088
212106730
321926873
188929837
887787593
355714462
374092688
410260641
57098991
170716941
217433901
776452231
180897542
715428899
408777564
422798561
973750430
691347770
493289402
874223260
740633694
694745558
965012949
761976747
48144509
557112254
556010270
786624248
285741503
743164206
578605893
227702082
950408307
196112739
252729194
675405169
560521301
618033752
319682453
81343065
637309007
476229963
674863246
700491392
899983138
759139319
47639672
982388603
231310311
303201772
122582158
435594698
790252282
100329444
743954116
490721940
461164461
692327177
578199942
686383215
75976820
17082849
914194071
208817984
321221994
524788679
111792817
117734486
857589398
401038640
30411374
996770437
97925114
879828593
518506596
467168129
615455041
79815929
179508910
949266011
220494286
316221576
246257883
561699123
224509110
303409823
148345724
360813653
669918677
546364819
173660711
100535759
800630703
313982850
6772797
399463386
185209673
878239806
817167710
374996228
378842491
316677367
587088654
92528113
67767939
524456053
882084453
928047023
935296425
692768626
582806303
283910022
703166631
482827461
739530726
120504986
881206408
109312967
504566366
654285569
461983231
782419124
31234620
401380743
195939556
464213202
874322434
509117178
503434715
723720141
604257639
858599883
110299699
172936298
843842102
86607357
866655272
30664606
879425911
709565049
732584033
423058039
120972030
825919974
888137856
628564385
440122310
741920505
990694780
472168275
833318768
399080394
930910773
893705306
837582145
800180361
513340428
472097075
260209752
984834736
886188086
904268677
355596875
655572544
576272146
128824911
528354491
16878009
886412119
74759309
189615242
7220660
528791793
595559977
49358244
378701206
192580072
405682215
950124567
48347300
985146719
616957595
342631405
971751516
709331730
202489581
889184213
313184328
657195506
263495896
720133570
221111020
626061529
140857798
436648343
303213172
262417922
565725264
92848501
271081052
511065227
324123702
93204410
921796305
871802187
802990541
907345909
947848404
284395087
810927133
645856811
204915962
308590074
940989684
444121196
980632801
949793191
161114306
614089437
251301278
28241412
414472493
995385757
215451718
676197991
925619909
978997531
327302042
362214475
896433134
754453206
506967035
396896224
981402740
197149640
509792407
614290272
437143374
365364381
636452474
150634533
939112486
990662913
435907483
420261606
546660267
491036289
242833194
645134749
804464575
400067668
139579275
329254322
969750354
933456879
193646396
558123307
173299940
828418313
972476437
81321653
444585673
865835296
882003404
220294740
770137129
258682629
262332605
631023091
90556541
816397979
529660210
477790765
274093514
906780971
39996769
350312582
790297051
173803610
751696448
431377211
961413196
700466424
158072775
886325417
631866067
248885475
650241187
150820285
759003054
224862805
718272564
141787618
851006957
970789034
278311355
686222909
493686921
497640569
662960083
92521825
651497358
874820558
23023447
973984540
888261028
721295533
734173503
941180673
623177457
731346649
561969808
554040345
6303115
542509644
201839212
56405460
187756568
689877204
357725017
560607453
368234428
594897317
293018122
281665282
992145734
534135280
684181208
282626906
340319692
316920837
182516614
580583301
477775229
500815630
759210510
714856010
761118029
655365128
862481881
279843559
999520865
983192612
734689253
497984305
157637028
333730505
126265521
461379851
108955272
85368327
4005829
897262659
160237290
216104212
254054321
599435224
805180851
53104337
36568433
314373798
202649653
871466724
627623781
885818856
902198179
729226389
123981244
139446213
925700473
500905700
516585988
431390532
744759726
507725012
318233191
498256174
737328499
469108026
134439467
267467254
793758895
417315284
725939958
457810374
686964692
791090482
299430568
970549306
580539739
40996467
412970031
538647632
813808613
920178395
210363498
25947678
318428891
651959682
140883120
448927909
750658410
47732300
843661255
852147112
781774296
443870806
844905097
127674158
329010864
117631424
737953059
505697029
398875004
802243223
882079488
497909260
950000186
420688336
371018530
503186435
487860282
568722630
111640900
868282378
746311554
31925426
162896461
14837181
544535980
17401274
938043195
707354602
100285477
255493328
274255701
877227467
475875789
782500117
152353241
480068762
313777115
974879715
639486914
264781306
68659996
96942584
594601814
851397687
641168635
248046534
950392573
921671356
240612885
585833409
846377026
464063515
738279297
693528484
532831265
331692407
1330093
170582740
238903822
552069822
517225130
161881733
537098235
232909036
585668080
164783281
284097181
257535271
663432669
431653341
629802694
249147003
577567043
536948490
888501714
668214791
477547241
874931818
558538041
517171874
166448813
756675116
199557220
771817247
712404421
39822254
568410691
50393806
750910821
124035753
604838153
725187884
967151126
630698643
241743537
65028602
770207315
77479025
630395799
756609021
318052888
18314904
978418272
998439506
935806143
131874185
896413583
669309664
446406500
7858153
647301104
258887783
578808821
669093199
310306652
856720958
178488145
451669449
849990964
983118653
794880470
205344921
616906289
816387249
47433844
260671790
830368165
811342765
875196979
488722630
645779629
446350027
114604817
568799865
957371522
677873182
395101441
147888727
600506796
7102169
964875057
881395857
619738859
480420259
95148337
533702307
912413679
999965946
791492166
775570224
617433452
707296093
666532789
987410838
547098938
215669559
856915390
400583198
638975441
80959009
58477810
969480763
881896818
953741416
275700965
834487689
781489875
722169616
267889202
361270855
985931959
292411254
367767098
584906958
322717229
957015367
677243073
322912655
593621642
105397210
738888935
848619817
49259973
906010374
602022688
569481317
624013462
251346929
119815203
700519049
408621770
260839903
558280193
88904334
67965437
147447230
263956089
563884164
149837918
776764762
185485975
414167326
718739735
270344911
708663727
12087562
241576477
942760276
144690893
363994256
475456433
535532478
562172974
583774280
22971356
165828850
974910935
484808750
10209596
193026758
833357267
861598777
590152072
24086901
573929870
476684597
28527122
863775607
133579211
440653998
589189022
220676695
363557935
390322116
548154961
526056392
442205063
918856812
17188662
770638087
577483415
810422712
743379030
272989042
160181890
540798610
657392020
721552005
459314659
719768051
706402560
44345611
898740885
588587676
763802109
592817220
79608288
433514456
152009433
414973104
757549632
599644374
427905010
450156937
344753700
807195839
115128947
65453596
691626947
430143667
198158861
130444132
38397957
949260706
867732034
604741612
210807408
173470150
393624830
820848885
592391129
397450457
902490849
23011416
853612752
947190043
838975773
470142300
981869845
534430075
758860446
650052591
559279209
188683800
932724304
677032850
30257503
966502639
459870045
120459734
79987907
163376933
210343721
142753063
984950426
493868661
119134652
513191565
981605198
644454645
646286910
872727918
773785912
2988104
266556657
623343854
706087615
699634250
981232790
882561166
571110445
12255198
600635756
489687551
360879978
368775134
673438678
653143857
954073904
93040569
483480832
18953153
837771107
87695187
870325717
775153409
578663194
142574021
33346274
362211033
511924333
782406477
911034561
887080463
732739651
251719792
788338309
139420011
516811116
16169452
869305897
860356928
46548152
170671618
770272822
734894890
854237052
924628220
615456876
814472673
261967839
639411519
883049243
99374564
9616081
652883760
612834038
562561652
944088483
118376571
284433020
762709188
636569903
443820509
173448473
777643994
180285252
781233953
862752513
194108269
698860032
62474598
20134491
113061367
119751141
223712963
570043592
957898820
901210770
316410242
831328299
311795594
446029065
774615552
981954637
676036768
956629660
940131441
702341986
207777115
542577068
987144996
675789100
102519161
799995200
801972194
562133369
646684543
260106800
687142563
854304949
436325881
711211138
708575542
951394943
593564613
912278839
706982891
911895115
293826794
957204145
760348042
439402942
31675651
128644226
131084629
727085532
6857418
173985229
357388725
846772868
409342327
165133032
405677288
343155202
178972403
714758087
557894948
468723359
82713023
835972145
39150367
874476028
899894698
560454153
421955010
944057664
750873284
348914446
172573511
314112294
581113491
434133624
586463994
764894110
206444861
34327239
447300554
354971801
155116492
648840123
99534604
559805974
767720208
501393116
189474943
435201934
735531763
614593961
548695531
545133567
516645067
72050907
300408811
197454567
718797261
802499807
317226854
602069848
619329195
822743302
500998820
366264108
451660183
798058357
521066433
547269887
639291572
62635106
81658551
318516035
735943925
914379961
151335238
397706721
180537179
868195421
559686633
632436752
130917299
873057118
831519338
347950989
176213376
496394161
754606364
813573612
285887345
639781751
433921680
51698646
385220919
250627193
303483029
258168335
452063819
189483527
154047124
542727526
71725618
872888872
304528735
40858131
425972689
302459507
185538333
940586720
624256530
391203004
252549462
222128130
227215748
967767177
412925694
605750146
564572533
334207430
761881430
512723934
131128884
450488142
530337627
756830541
907163422
858811472
387185833
229188738
640364283
342574861
370793086
71235844
163435731
268314045
20036098
328952624
577616385
692761791
960469651
221077829
16276638
876645147
388010806
117527802
107051092
625001225
200058388
80504472
51240270
485187441
397763851
358933442
191003274
875245142
938539601
98517254
480782103
578840898
228041809
551631899
533197663
374864694
765997335
230971493
488406724
226851151
206648627
788684016
346007382
653443087
593339949
263096533
756132225
967789001
251524632
733211685
135597264
260748903
223580769
154156711
886394327
54916871
789420778
909548702
786746897
686890362
914022452
810797814
783206085
596757897
182442809
429310444
134445589
954023081
133796111
278683549
990440084
89946718
194861956
869777008
426920772
544060650
787576914
639170661
441982485
337305836
41505637
180860660
159154183
710463687
842353420
272708607
885589831
667547354
120586051
909359107
424233494
186648059
191572762
585754020
721540750
66985860
727255864
91094675
206391898
876170569
812909851
403048836
879539225
832388530
169823099
910019553
920205139
96718570
721531522
122963406
989777120
756335162
721626623
652943249
540695681
127966373
880779462
571986970
815792112
58542862
486079832
282594935
280944889
796452863
986421052
813578193
365608434
913811637
688611001
515523515
683239438
715613432
593053549
739077316
670374166
38000355
82226124
246546149
238185426
367802318
341309536
533488420
404926650
621521336
820709001
175068532
960658369
461715179
163293930
175397206
230841344
952244420
22023791
735252986
207238566
462041705
896279549
482057406
167222078
847843884
578415316
179651469
285452592
108353719
144367325
939004732
414220318
616893570
695744899
506899542
690866990
106618784
491737645
921299369
520338232
260122728
457859119
127895549
894367814
697716770
7977337
282080242
174911219
936026896
518470401
909547807
519627640
56485912
88312657
220445290
821987420
184013272
734696401
111046690
528623351
68722068
298554740
636712008
762777278
490247321
525054588
668100854
108563248
1327038
50510762
201041092
718332494
998304297
600948357
366495855
450504303
362370686
875466758
232146717
457231385
264486821
203047093
905741879
925372832
857533086
297805386
655045197
557108518
132904971
946483814
940755994
940316792
331764922
982729797
446744978
896139974
780040967
132582063
11115018
472845422
411682771
909308736
938381590
598719373
200327914
704645844
214217324
291053305
119534302
700960276
816908706
517589043
826422483
142761935
162626082
462778763
486209935
970155282
403591350
385256846
118992460
541419887
875180467
833717448
761396188
239984177
554501173
291702340
4809121
220803374
531022226
195798353
878418687
23475164
900923319
87154483
474235390
812789027
268946868
475791863
441995824
3396702
373185784
761315227
968891866
955165089
115464763
181331251
561395844
180234394
159435228
207791800
125085367
670937764
296213092
293690351
347107826
586118111
234145190
296067711
319937490
972274286
859580663
360308126
725789954
521668072
394813760
568332047
599536589
865472237
449425575
119033449
87030984
918970125
147865467
476272537
468976526
993315200
727591453
163544686
582047236
322945273
357665555
170971542
418871437
532303643
589590753
283546513
487824573
673508225
174092866
991727943
947568706
846884159
303422331
69411508
705209263
666980788
924676587
262162952
267412543
361243712
560840033
356429335
852661153
593151114
638817613
427446147
801399841
814261796
703921910
328677863
838240605
742081804
608076053
393619931
562131607
460402466
680958849
972170136
645671681
992889296
427376755
561385326
683909334
683136296
980249343
46674769
425029110
403252225
479156809
103511966
28024544
742595904
98245661
180778999
969154837
256922437
455700431
328599690
244868213
911961611
412174143
322144450
926250956
736539161
773793122
213447793
509746907
709591693
919980837
858680836
621966396
680271993
764551324
744320247
653669512
176928859
909722305
766340665
828910103
467358791
569844611
492581862
787938641
627491803
468396236
554938221
289635612
769370977
803929585
525710318
756530131
849839635
139604767
968765298
764021617
106751253
564465974
273691386
707189310
124702649
409954463
96821173
387140250
742599108
425448346
47902399
414149843
101268522
428359424
62173570
349872894
344925665
841230156
723000017
169663886
52732564
607128634
109270917
25335450
101881098
176662766
990627130
715353820
102060779
758063004
586402599
680564248
302489112
888186611
513092733
955802769
658190610
843147574
631572486
247656778
290937760
444446036
180050768
339690961
148931192
129058867
948971234
856314071
436520843
635741900
617774981
568295458
304172832
608878218
611083373
578240032
843849303
856257704
19566042
795136184
664879178
259142055
643607789
551815460
99123159
632169710
333740844
189914253
279115705
968395156
442407292
219082630
844935654
889632639
301612645
650809811
673710453
594629026
212052766
843266394
271035024
51386775
443609819
502818160
590075606
741027098
690114233
849339664
598904505
784189759
60882666
535440542
780221253
92964508
370185175
392306314
923514066
160452876
841786230
764403671
238445860
906431628
193497326
177313041
679457705
770540365
660492951
244190107
403091798
532770688
860225844
555461341
349194262
594534035
215758236
705701454
429515245
37700680
726938252
59468878
363337603
194990319
222615342
315085774
164153287
218745808
791895462
234544089
681743995
233668091
336924423
979562993
265358456
396150284
622300902
504457910
830493511
299333847
15071268
98246041
326389708
99705983
815204218
89569031
512871227
493771851
490414180
99262677
101840644
609892579
164284413
36452928
839169459
685473595
156554455
578104133
136737046
434830525
559348809
4049669
129201215
897962248
674602496
180919825
885745229
17844896
737265166
410486023
870187616
961976859
424078817
730269103
883478373
408630165
288003885
389670571
33166653
299814721
272382383
659640630
911062023
394014267
226960399
889804768
668423878
190985734
254765072
561120344
386863971
837775724
189668795
510078159
698460504
232089203
3998826
723226400
862215940
704746511
64542976
347596524
600789129
488966446
474558262
255592681
889758078
568149378
603106651
400156271
713921496
487557172
251740448
975938663
979811506
419747113
336868333
866687889
536109367
909221941
363161912
841671726
57165287
644123005
209604179
535923685
919216256
134348511
876215445
964571712
685228090
756644352
455727892
811435003
243659819
229452851
7709170
687779248
837733335
613311940
623660398
312971314
92970034
460717526
880033555
596140317
894556801
562535394
520490909
395967196
87285626
236926066
378597118
864084746
290269724
756560212
690038922
559809982
213104892
546730513
519938739
20505163
317524786
609097071
900405629
201977408
772355534
869277233
296811397
179105459
881343667
382578962
37760686
587881581
791858271
839637976
655364421
262088330
682927167
54772463
648413018
440774853
39550296
327293906
31829340
744552440
862966243
885548727
329754895
795755325
148007831
431385202
823195990
998201423
261996100
352159371
250126504
388327061
772192586
400294588
572085385
7126167
382846897
500634228
902822145
200211777
171538259
299465771
456269279
867139751
344534371
621085608
49992047
954128566
148029759
23022335
310522787
840236380
881952033
637761252
480470037
901696729
919210598
97995067
812053371
393525812
877901657
3803240
455813892
515473487
64679055
556993238
843129921
189024858
631108030
559973204
833027298
530421999
570143498
52345589
809404796
597996740
978448351
943352878
314779982
433015291
111826735
309401774
90552444
395340814
688268453
770412815
30249430
832202888
206034139
563999605
635823993
225983820
233417535
180740533
485491075
260726353
827801804
776857395
624240083
402486521
785285667
27744791
838297218
308401296
76669678
578047743
60242884
706195217
50899966
820494535
415548181
404131128
284943903
680217955
158425240
410851626
703531621
605614546
616990677
73427005
203102525
129987152
739728452
118595819
223282656
76222984
848125944
151185358
450331432
518875584
482417697
156281127
885055461
144334246
884848348
614691824
712764831
786439837
259601014
467347711
299314469
352958771
567972968
329271823
363847491
718381677
237827212
907240279
549841118
554929025
35835092
437921028
151284714
270354977
295305374
208657973
201334083
388634619
73756303
24500209
713636839
42046027
546697851
381659202
820155727
967318579
32492097
32603912
240560716
452632177
671246113
864752846
765523859
3737061
966525514
762732104
46567548
186103698
765383535
242467752
768874372
597613026
76154704
134961786
770499645
451387245
789310111
555835807
811868382
517307259
546082178
742770508
194436864
413137628
986969080
231920386
257514927
70677233
34770331
902057220
523515195
724808716
357604084
767666299
603181322
106223923
823671639
715891387
623543869
883498964
803460720
7086863
821007600
330543085
689290110
634793410
482194481
574330394
769743158
615461004
687606063
908512983
820890203
296073400
42434880
612337378
602172871
343755819
757929905
221850445
380699146
682050073
629364045
451120251
978058668
36584424
699806415
316700312
787252110
489984542
381009456
173113176
463154147
842981713
994725447
32221759
276225838
776541552
313272598
362570335
226308669
953379167
166012852
858174251
986138772
673394029
307935542
64706124
181269635
864686366
872827478
703644979
183254344
258716931
182885954
195580077
89356084
452091157
475376536
596484861
927645963
908807048
773267520
428679132
632251010
707669165
743164001
812601150
489329317
332847673
834934857
16061244
190852812
732279997
663457741
438473443
550509890
171430800
46476207
137633092
323786547
970288202
51171673
615272660
123273534
605381251
391315964
492979184
138880375
780755592
301547944
743840533
122759234
151192049
976097792
215497873
101899175
619649239
414190249
887059496
626634001
958297940
741780639
868841337
176574464
178951152
750741725
956598238
86541873
681242759
319088352
194274306
47119682
302258876
400868175
573698330
292203347
251764082
511048940
501879223
553654620
861472552
574964324
953338737
616761724
442722758
306974992
502810115
598243464
416814012
244548485
809957080
321488792
781421452
556273335
700263486
26324159
216945376
905424727
190652845
266057658
936550749
132306912
944293185
366395413
804329230
471723908
181054527
412466921
992819681
305304560
291253575
691948542
729183744
960476864
510620118
277318330
894774826
149587187
778120945
206309317
740307167
20193052
857371816
994215674
677474251
155926465
878661749
234920493
472851852
520287629
554748769
915900385
705926869
465422682
714640511
616210695
509843352
9977137
408574065
257326106
150869247
836993550
877098555
160992519
39098908
295897354
196068718
389361205
707026728
352393627
517790405
96508347
291154127
372803331
552749264
969008270
18724106
271556829
140550478
328892415
294820924
89997406
151985333
707386587
693940085
3042013
528303727
236947931
302698577
581367055
48349047
779017244
91465797
461467903
767370479
722176396
820057424
241207465
762423924
896254540
858477138
935437489
627716281
851573322
111531701
875669804
812735348
925766115
703744739
590269419
464058905
834183768
870021093
229247117
20029078
158778401
432066447
552117110
162163599
530476476
814426143
604859124
196077735
93597373
546135222
722461079
607793466
786473550
526742442
235694319
480798625
799946942
518891572
761881104
922419183
855590950
742378496
12539355
9843721
752553375
989726853
81228449
957492888
503498174
61778159
85780011
454995710
725161558
282605974
609281797
453188524
997006875
431359940
285036395
81266838
681460490
396327717
575724748
198922177
864888598
414468989
623624109
48652937
986091872
157037879
283551381
823901831
184687215
483893177
514034168
812206112
695844428
867478969
122226873
165820463
861033349
313594342
371268510
517394520
850272825
92202556
774798410
492746374
42098857
775818672
661510265
972883670
364541721
426898700
995063520
173562265
95685189
199607193
425422701
208854076
733477450
954874323
192816064
406484777
622164960
120293881
262748984
454534346
675315569
915336217
188945741
495932468
982989970
686204755
263702882
172886481
392327848
553134946
477850977
74832465
939712021
629937044
71166666
91038016
752866343
405736751
26371245
13226965
403228402
547876898
783485229
790023788
748432491
895369509
91392376
594933745
11006010
725176067
329375778
489503743
335541535
279953575
128754684
693073172
827712573
870750969
395348899
426833452
236976857
633033453
876723683
341590640
432129397
199485427
386362938
863248808
651994405
507348776
925922532
14380766
942131033
881570748
464569510
910596700
112077570
498236730
46233896
597382181
919566947
927758626
314431158
467684118
658671758
99789280
593875487
3936613
222044886
909758248
918838109
930559533
567732367
766147465
740831516
666141423
878090680
202848272
504315092
221553509
159729482
582485113
566637362
421214311
502369555
82892318
777997023
113302664
660998035
739308000
226454291
842139927
383987972
732844691
583476254
264183637
248488177
985338077
975514622
357640675
740157699
919517477
123382480
841095841
330022589
598359617
299562036
652176301
187342129
529554716
677618138
756051665
487086647
687403502
869211087
475570080
661751158
25634407
400849262
548628612
14545401
476114837
278153108
847871474
145746512
398442453
498273422
962231836
274932452
915520346
870700496
650686358
705347873
774421238
521827515
139170142
840305647
879188892
743903412
475819897
283168243
579333690
928722494
412445375
670173652
511377094
378938776
76655571
273645361
21736852
996120087
798518043
918339324
541620727
278385511
511153081
441361681
905525321
380210130
912690807
825602659
610546910
216016291
790648692
500082727
93739439
336812537
281425760
127972932
704510233
803179713
100470767
227165500
461746670
377052100
752272691
186369092
471136903
996400058
394833281
500071005
93037911
495478294
343397855
369331200
499465920
689293233
962764878
928171125
598222396
717055410
325127667
533402209
208848761
513782911
527655563
650564048
680428719
856375906
635791470
204370835
381176073
755179216
956166481
163142555
12875451
138177563
200304401
176195764
563472091
894458140
807818218
747900709
301667803
29010944
228087109
219514349
391057738
248357425
376197126
643015486
202123908
874762194
88425312
611699223
113665764
619554145
384627876
885883168
270266119
626556955
62494885
531562797
786665059
656249020
195145599
970105294
246003742
173428855
558604415
705757532
938637047
542867680
540600443
440396832
662416623
920349130
825521309
956886319
448052278
723503064
218609151
980175706
157327160
338244982
274555761
309258823
121069155
75411824
485359679
780877873
33701772
554618307
210031781
836993605
995741022
720997438
274049904
546993970
42028421
963499913
600075437
106686558
948778342
983396086
556474709
46430347
500657058
788278998
335599748
572145028
981923768
686961231
696849064
476184875
911281405
970401046
797865390
51960929
885175892
886484434
427094273
801591589
984243514
620633760
152485625
358675412
728001631
122168348
23532053
434217155
163600962
772793506
234930042
854313318
501544852
527084116
126151706
888845947
797530822
518340570
74652742
20485537
184382238
562218226
901841756
296028560
982683655
522224653
33995291
75997867
108018141
587774859
45764562
786229626
212964275
708875581
110819054
554884049
3515180
478229718
44445096
456473335
425128766
470511976
648660416
808355914
708528330
348471112
673027949
503827144
326501755
733624362
890767843
408216347
765049798
959440017
769087743
845198649
50627787
391337450
78092276
343607326
24336841
47847545
852089687
67070708
951599693
697139488
565671445
370509854
475717219
148121465
168354348
951364652
868987003
673866007
838855680
578389079
759077744
195602965
292171861
131286676
339645993
352009059
246342281
377561530
560312
540991447
812481445
580486120
557958174
108385982
374106902
685182523
533456604
478148141
972387157
841283471
492279435
373599746
578342722
186383772
890105218
301476369
932544699
977774084
580458854
793456650
79609538
596689899
919060498
991392776
766664948
453145332
427999143
346268760
265983477
786803029
319564467
377340035
92566169
973540741
124906324
354650746
78226685
877489946
417784232
9391326
320584574
326085796
604361128
511083664
818992695
938952961
713036628
912131450
670409593
437664142
664545473
972906020
852117982
961692954
544702384
811685988
433318456
345374639
274393421
650140959
337782806
446547178
260362264
913087258
640574812
97823777
809365201
748748655
620402861
728894925
643669882
743438018
354336026
144323700
729162015
315548325
373990390
768652013
197424926
114077988
840269428
882730764
20691600
844802358
973595975
520089403
38597635
695856359
833380844
488944976
282874682
172213129
551603526
628740442
503319186
189962966
957699699
870953444
678556194
102030437
825611061
459845820
22028911
85799666
91011051
985625154
896587926
570035009
274690777
179640261
828681191
616145046
756329416
857814350
748497694
278129179
782501139
105423181
641589893
563601813
750424298
247551230
648891570
134741291
293622047
383463557
74771247
374350495
975264327
121118987
963669978
835302482
205899777
720857232
114583885
169286119
545069857
948810835
771693009
837553914
860621931
758538333
646576264
895160195
718166310
349393963
489470190
525303559
49031325
352400319
788683916
106948744
817105034
509051983
757587339
866740726
345147644
569714750
799254352
870809780
875133405
309161004
97934318
444419438
605329256
283442418
837313886
71172482
766994482
885482884
304545402
499060971
970703358
789035878
499422885
212580520
768316713
2937254
760417847
704590891
658923818
968019332
7502583
563683130
153740050
651140451
539332052
528195096
321659856
372900079
994637703
289455862
746285499
670361518
754810655
458504256
818689797
800805212
784872568
918507583
484065015
208944385
800308694
776204555
928362768
861150617
513360460
639889838
827459152
333130553
7525780
628966594
995277221
446063717
864506911
365885358
448815480
112806737
732517426
560319372
950201775
559166580
744257503
772033658
875838721
666384186
467142570
207657870
773480258
861368045
494659100
659403757
464772361
593593711
173843521
26485003
525124831
926389752
294926903
83899214
63644038
641688036
922367195
629151864
175431892
823470370
483271349
902069522
273751658
838396221
549211349
317964353
378151767
353398409
195577235
648995716
683178744
120324777
285565719
72308040
174546588
900569669
66199450
592315146
495113691
695604031
520939068
419889331
421102096
28699939
864681450
162743449
494499187
345096542
649567361
750786159
10799497
808744771
757424499
253187059
654560086
909538376
382400512
467164557
512801019
20611420
727795366
730451960
170535558
287710714
973156905
869735004
530697961
993728938
892813534
710550290
233570309
558852926
390479250
877596174
835441042
946942600
739742130
271984014
848796447
411102264
831132724
240098527
394666055
400471485
880784592
281976205
620644620
708198266
47627335
791331039
809863454
840639499
660385876
148144533
759184580
556664640
574140712
739117190
948577691
176831121
57194827
179112174
218831271
826035114
647895684
36242019
961662152
708261891
982130642
749968557
927101544
613293913
321194461
836757165
963840019
208834945
165199709
164781299
229786907
875521724
919744224
352099235
865362315
347683757
185846189
534253304
544271159
900851816
442015221
288073194
764574755
646516141
772134267
427518790
789881518
46703529
77339353
709650400
114970454
452831629
863411759
275306379
365323110
695335443
551108554
849724200
624791541
650572446
98167703
747784183
458209543
500840119
7829402
87380762
803577397
692968578
540841260
225428527
128379983
273467121
170187116
491009113
702582843
665497680
635335219
376159308
620579423
576130834
432462363
360236691
349217714
522400821
892357561
221237443
198587467
929344084
103464059
716837159
307399167
659533387
842752433
302416896
274120852
557728934
293502642
865537516
357900115
193835567
279700079
134843616
550649489
364139194
772650341
965785772
988505122
579026061
88749386
464147243
204616184
557226814
497343384
107999463
990928584
292208122
217752488
339204639
308755971
307619929
298318340
387495218
649284189
204843303
401644498
167345142
93124574
133382191
661471467
90622948
294677609
308754302
38953086
848148831
352326138
289258476
303979657
125426917
155095334
392832368
359703086
77091613
267190750
308682069
334210700
947700226
317550705
273491376
164981856
850092069
558775901
745637480
664430318
452522746
344760524
512052027
229451602
950663876
381701311
271081957
847368357
922528251
878583776
876081437
29636251
754149576
533288736
261296536
906657222
717702709
133650048
828780735
508858486
222310639
200453608
663885635
885646505
645613321
921289189
508342426
459643705
657635376
567718966
700984298
443542435
957897867
406249514
302222779
734992591
629180020
533046553
205325521
744587759
684603233
632066212
8764969
857792617
306754578
22331350
75613389
212367772
341692675
792611461
671322861
360855238
901471272
206414683
441925651
624806954
502634045
706936600
506727791
292861014
719096063
552412250
57177834
190484989
758521321
151240583
995903263
826912979
80826837
318396127
143980646
867650431
417293232
934967254
302449324
156106974
569406510
765922381
470180212
95037449
265116952
124102483
668669285
743684903
112455330
442921934
707871370
195331805
36792287
52980623
171005833
349877021
698765802
561007057
647700900
443898823
507979145
569898839
347071774
386799401
847241346
102849259
115256299
737905175
119021724
834051815
509342373
697552827
253969896
321666314
916177741
923386244
98501099
579640166
301826368
654661644
899982868
182024560
655172999
83108455
129781675
657394825
42386021
708621755
713711993
355347844
207226710
857817151
36770215
451576064
148771499
629668029
172472362
793768215
79998235
302447454
109517915
864717737
11358037
690861621
208951292
64122008
564561549
784444375
715154072
719009323
51315584
587323837
408048977
194090184
520878313
694476164
654992239
697019203
99676806
731370737
787445617
762059446
510677561
921151012
43847291
780417610
806999150
524399911
537691462
991755780
841819528
535836513
803083998
31285032
360306217
564154018
278432622
561574098
717909732
192048083
806629063
863485748
725594983
622444785
831278966
146495937
297485790
890875240
665281011
579638431
992413520
795518688
197400937
748552789
828780383
708432725
213675063
549748134
197231235
300202162
172783060
830944912
220679725
700752931
942031314
331720872
149079412
108092566
9493360
567536949
979539007
134008680
215303320
522218282
714527869
980082925
217277391
767641340
70994837
767469784
832821461
119548657
597425778
112558585
260344706
365241115
592770824
602381344
201526859
782189568
98157804
26662570
704988503
769706434
205981805
561429237
957788459
11122629
148606538
700570193
207411080
795975770
643217496
705051963
349641756
399315042
655267383
711537805
971695041
926835531
875660861
40049175
556442687
752451710
627242182
478181058
140109063
168852736
732068478
651767989
166846646
931701253
835854208
130560802
619114895
846354329
543244814
568591835
94857227
529620857
323935669
367756060
69332933
251949726
197440625
336938277
224806819
231265557
73360684
83504487
813406417
766811010
20962372
716427062
376202865
515670712
775690150
37716317
343339399
65825989
750309409
519791644
62203161
319834661
974739802
237435922
258120622
146688953
630148533
916591933
469755555
263448152
920676948
64080122
998084873
203603487
801374471
196446719
257323023
536022185
769169999
221458067
501273414
971030052
402246255
843610029
770980077
679404573
579806831
217534971
877726604
141342233
125240857
329198672
317831731
36349379
860699748
274197260
98428846
115530086
546714880
527350870
957676167
361663547
251879027
269158718
381050909
590888283
232956252
958701710
988380064
197771708
722280980
371583275
348458565
3869368
476196800
500464101
67968585
412932646
449138750
395256848
3702327
677297111
421234808
218389866
216536795
710294753
555271616
131912515
863550043
133971784
423774136
870384926
205098701
890532465
554423732
168285346
204632458
375075663
573484799
711567494
51645048
222515735
810636852
415852850
139576447
223153167
655611991
968711086
456381170
264345782
719787459
897416695
490569263
618895494
80172057
128959989
818164091
895682940
996834542
700100129
381382375
580061316
813670118
172331009
985914416
481507637
336317221
23159615
508219491
130264385
264063511
626058007
206047024
143534588
999233687
809928890
62334643
265060546
373994284
599835013
122181734
269857962
333608516
903917700
419060649
907822299
293596622
887758926
822836826
468884505
947568382
28128984
216422181
264433002
729427663
581297483
989250444
951824628
156447506
164536344
889311645
429750137
843530917
773117595
458476273
758475280
720466865
229979148
897578829
316934993
842868883
714524868
948966996
110479569
735994353
432830196
956354277
371970689
699043876
697887585
694179289
723424336
239238456
743260542
30358571
509129661
288063050
656024901
658553370
450508745
615108223
121847907
17866193
697511065
970276226
95413196
396616427
590811252
421002678
690321012
453109093
101267797
127625951
575476312
342311825
745761078
779037280
774778907
128814634
826654153
479610971
378790668
369669393
750929058
79331332
736700872
728253371
97757096
300071389
862169608
128601961
997458274
121443955
555630726
549844020
111600133
872061509
545914880
862693435
236909253
68556581
472136013
620755700
881473941
700866860
856281971
706234578
153849752
343060202
842592865
577056004
660282527
370917246
746331286
450910309
673308265
68087854
25186806
389585279
757956603
778492089
369762772
25474302
512365234
908371472
132029962
163057985
500817346
38269428
677159112
640920269
575927811
635594220
646375251
638598454
237381899
852576408
85396825
476999114
644791800
318234714
51463620
319933253
999554800
293606677
860018684
292435139
157756289
405685236
137331987
591165788
187598881
548072666
418158389
726104901
906993695
859104436
866972443
340510149
946625188
999184400
963559243
112436208
568839094
499123769
436708847
76309506
132911415
771548161
9901558
213115234
600743934
138090656
901972432
363486693
333298442
718223500
674860210
139263219
136439724
232972384
755349572
524221230
98226421
560191903
707554378
509533041
892381834
64047421
82784471
960487942
467865299
878541468
893241229
561721732
391045454
428428498
328341794
802115741
641292616
626929760
330600902
793206695
584075216
377634341
101450870
692063281
992370012
809610777
344848833
384576212
757183275
93260280
864468982
783841957
989298341
188679576
103726478
789300080
417038847
889387943
320125834
804041941
67871791
980271926
177954021
300572078
13026918
666467357
755006875
469651116
637904099
36762887
587874424
597046907
890420182
154611451
325204535
816000503
968543251
16361671
937550810
390060184
501003311
883337158
614989400
59363231
460718281
36919099
202369456
460472066
18065172
793680759
318414584
55033529
776391042
4903997
755381368
557749321
228854177
987977226
605994244
308764403
209965950
272458680
247545548
714619014
452010849
83509273
145794882
145646407
766688412
132406224
835524043
840591208
240245257
616083984
798976042
50429594
804826157
818211947
676968505
107908409
698402762
963546662
70533998
29139792
320837249
464354569
427606810
323215492
602522215
188610923
681420575
705856426
655213903
602348304
191664079
367503069
659069538
573739733
982368936
190184127
926999634
101790869
254346352
277067990
994364935
30303522
342036289
895105195
547704824
926203702
759324799
493170426
298794905
939530966
503180556
767468937
733686151
7131848
726396501
443857385
223342547
45817042
925328008
361995130
743348096
968816544
336767090
525885147
764809410
245725503
825488661
815888405
963577134
182875070
700122731
772645195
345987802
527726003
784769962
88426354
18703961
469793751
325940425
705120456
581142674
317579498
404303020
552176411
516776268
799895004
342736193
304254291
77920886
810856801
674636031
306357263
59131642
203163574
311831688
322746388
344993591
203416387
506283469
417940053
740193446
483002439
392079541
80668397
932378231
475123059
139809724
442751214
49669931
275224350
46606500
581740449
850406631
733292541
9303416
270323665
352073003
54331365
167687489
129551670
129761566
405036164
565317320
949905875
600463677
399120395
886795036
821113162
846829026
97493296
456987640
421754329
770921795
155533096
790842461
272570414
687522738
565448901
764383425
795382841
438575492
458003420
968083634
327990747
636760657
622512307
466205781
365595673
750935650
61991151
837534174
329926580
293880550
283339769
998706149
641151132
906853848
632964531
913789149
487153001
316916465
277542027
254357600
136018037
619577061
469544571
600426394
765538796
278976683
108621926
366231701
100645802
766165907
753065518
270564523
966646393
37327787
413131670
744909081
385131850
989886302
292783366
421071000
668297399
642733419
576603710
222609642
344554899
716035864
217258077
670082720
488460143
830777555
130042558
17764875
242723120
666324034
160918868
157134852
499136150
202784234
567928035
907313775
755486964
213909690
911272041
326480997
320261847
311491465
145047988
744449992
44499913
981079950
105283714
161744286
770902256
27941003
721618093
197400447
293119325
373203214
34484469
617192886
552976389
433109145
579912750
840905613
297261386
819836749
882023257
806386446
251568767
963592512
489560885
762301061
787854103
130629216
550757941
927170214
365108462
378136670
263096963
527840913
849498823
8905471
782025262
29736768
722003668
763620943
14019086
386893880
87130235
882830899
544422833
556797499
836457966
739216322
544975084
865138571
37943590
160826642
10505058
68963332
374274529
844606890
361210925
996019702
364720061
537906110
297518992
452280665
545219146
16648681
608654564
98324973
683644214
651746319
961122344
401801105
770452404
984512736
263995080
843276049
394582695
259952464
228111110
68908378
964845804
366923428
562007429
880108630
326644486
768391271
608209590
50405195
619799499
237693551
42076115
68121135
835478109
198579620
183249247
779150230
59045249
468129344
89078724
517034533
527305097
340776207
191525455
965625859
86507999
75466733
240883496
240933753
447434956
699270438
119206518
373737376
82738635
53796477
836684343
340161044
139615556
725653003
403792715
204290088
963765113
33846539
600898085
868180205
490601695
557149307
347279125
135245496
713705334
297563314
842927341
620867659
143752557
875396726
137477144
898627405
388418727
222073660
754905921
411895876
974773969
816353612
20763656
880767727
668722259
215592392
889636864
562005895
151055939
559047011
120683847
594727510
528053975
980637524
44480537
657365324
478136366
757035567
369540216
418285411
876416315
47287698
343670922
183730884
925811353
619968826
406630377
323941483
333744902
402983746
538702784
733397317
47584521
797565696
7043907
120291348
924959378
444690171
585955148
632275373
945573450
689729507
818055126
620016529
899067797
937446063
321677613
843430519
59687324
641462402
637041886
347503896
597342863
69161103
965348806
318681578
521026542
991304687
465771875
245558585
361657818
170742997
951997599
132469835
456106000
826802509
871982491
884937041
780425761
786038051
592808809
845189086
613341553
666364399
22099410
770628795
195835433
415550510
823886518
766866770
626360198
959225976
614180927
800111297
449831569
463632473
717403971
428844554
805090554
381267084
678107801
642207138
567513888
288424280
911579489
84604140
51035714
603991963
896665001
218709669
591822821
659370709
967076399
628622750
386069039
352251356
800978781
506746754
629338007
211720755
808123221
328180026
730686699
993643467
249654515
879301852
99392562
399509495
559073297
396532802
812128848
462469236
776545739
947540314
407875261
7962787
287721048
129369406
366592055
911658273
420030551
610932714
89711546
763650809
981442429
813383626
393954830
347699932
686645055
318845625
835796877
145149805
35451436
588770296
639410683
906559092
47444379
233462478
788269939
719281174
688038590
540924076
617432637
472422780
879069826
260524439
548245027
929953783
402011038
559082173
251874263
935117283
501824756
33420985
323336173
351731933
142553388
251300514
184491655
927625954
555388839
17066470
598750093
713336631
161423154
526602802
701351043
494047155
544006477
712890990
268148891
191954835
527244211
978226007
496447748
749513294
551417895
292061316
350651463
905530521
651196061
674489628
355256781
177829933
493731341
54852088
1000732
655332047
255201945
445098247
364374282
94589204
1031695
977288361
475889902
767148758
671474055
339976412
374084270
517688338
424538830
485630706
756523071
424481252
884376787
260478846
523060404
885389651
174278448
395903894
688864333
684079587
725817869
660309740
823062699
804622750
687748267
54595618
69705825
896161246
468605882
451792394
653773637
582990979
818910161
800610579
598159484
281226866
719743599
214396098
690713849
515529831
523928244
469239865
566694908
412687318
624856772
659961760
605417477
714232501
307073155
209622535
37576074
505221783
768907385
32466885
324405355
933811840
30137827
844528360
870134589
217616555
139307973
779992541
768529197
621876070
889181611
527369047
698344221
79295842
840435564
300791157
18548108
711265542
121875680
840044315
702237841
852984906
281128433
994695585
324659009
618355774
492540893
786985733
616395459
538125585
208382245
801868360
616377268
771130215
752935341
706701247
32638265
185391955
999846961
547458038
874418465
419896900
154424845
903568619
869718115
288315213
500855403
987769927
396630636
97336700
928849719
763794849
956857018
425266706
178070210
529480715
136311988
88271627
296357688
438776858
132956663
652434860
211018214
939821425
224235957
364943121
2570704
506915576
721924031
101650444
220859946
105601363
787428616
745618146
391376137
990502032
45487950
42373200
875984450
459010942
345824411
805179291
995139537
681569880
557620545
145891904
741123147
402600836
667593158
924476431
789585345
942333128
512661485
168684094
26710170
317415600
904535255
464521995
361886648
205637468
183783707
666433025
920921703
763263372
765956233
355619466
144269999
151934929
1348859
728383283
99178246
815366892
862334187
583822261
486539656
407895189
810380940
658223907
382469448
134437891
924690406
347405393
322159389
340716895
350952646
259433858
237336837
577783503
641788816
375954124
128081322
364181901
974939014
994268000
414242911
815959223
719284779
625036243
628068794
925726422
599652867
185835318
775567839
905967771
568227312
737856049
607547152
38805318
330519329
170637256
466271749
622340049
500216937
391864556
418793324
944760165
364759590
972295743
548619664
390367624
715968115
99366870
538970222
325565969
438155274
472872499
195201801
681308154
953552221
518471327
82396992
790937365
237393706
754121154
321896008
906957438
432275574
808139865
645876669
871745367
997692601
811176464
62110686
991788692
627069194
860447023
816006430
981641589
142992083
987375861
423368896
271504931
845007572
322860044
284323243
616996567
956331909
447918470
290355108
562647586
234067286
891517167
677874343
371948736
94305399
221853304
984758023
649308171
522956012
829958709
375092429
967201419
834023540
97929460
530595266
942966036
881972933
317921408
62106522
741323389
254391523
586924847
40759030
149587757
489542348
664214783
732713771
163942546
888814556
882025111
820488501
104778685
445602971
632613271
537430384
770583658
231385369
576770345
831687591
922937117
400961607
119374809
607038124
808650059
621552640
516432913
168895057
897993727
188938184
340408940
554941261
497364238
617704507
764560534
59586847
797661234
872865916
809050192
583142350
669069765
286158379
891043713
393337770
790260164
228151536
473718250
623034799
305293542
867764449
137381135
231550348
374222854
375277755
911253252
99654646
710465028
48384289
495927383
397183212
26128007
921437684
889332770
136793528
4002034
315793592
364767936
549707482
109777658
560990041
475604627
172841872
226816055
850973532
421786019
437753868
115499603
770737707
186904407
433132947
211118970
690841548
227329902
987083365
865249194
782814713
591791501
687970278
814210571
136520528
615706453
219318875
428331845
55358957
718873342
243868066
509834862
889990880
871636221
801035872
344327040
439510595
110691025
246174708
933171945
930060729
931776870
873698824
512707085
104340953
373469910
461681473
600429528
468521787
338905348
925996046
392961282
771382012
745161870
450896954
429482072
541832357
365158414
421015625
320677160
162948789
52955034
352531997
499747921
797603238
483929214
129979406
459205545
334382952
723985541
130178681
451183852
698159463
700373904
769292422
237014650
934116455
649423725
650557115
627143088
623542601
981429010
533295455
478680435
228370199
797205724
169667659
611709344
998390790
655889761
867501160
453929900
733515398
458323627
638656175
545508452
622818295
120059351
664111838
904991264
71179170
419121447
231663214
13591633
803885353
821225007
998957061
481618049
335390521
955956372
830010155
611117303
129684045
432933965
234589046
113623096
492314031
766151669
747075290
864651755
79014050
619970683
934493368
83600947
51945172
990655337
624164522
545501167
694743226
39617068
976060740
811963966
645484008
929498799
997643209
32936521
394275182
277363608
464265919
286325648
708057470
22626585
702610555
877654908
173434256
54177865
853307062
884041935
185982578
615282242
81684776
963590415
334528761
966895665
604005726
556225657
667351915
378819412
891431081
579789100
246693617
112166056
758011218
928831216
365413968
579212538
943534845
728224269
729411535
172077676
871157134
519309255
969590691
868404708
468760663
738110470
612344151
384204775
811284022
610792725
645782076
376384792
583703096
710893704
843832057
542518036
119817361
993562620
904586682
952662857
445719614
739936996
714391
729811211
256638683
143071081
93047071
321258025
668168746
381645012
56005864
340720674
580552059
58909274
128420047
65837771
490805310
302625919
308595754
862621078
694753013
382880395
209538200
115184568
784038254
447873761
622613076
549168583
292055283
345663975
452325155
224261124
100228023
244073408
147753361
961482160
198428268
422963338
343654230
471859639
899236713
145896404
703261275
588009278
423253534
743910945
960829368
499412953
640418679
701853017
618615080
734712845
711035035
223190602
577016692
333976980
343150100
848580337
908080431
849950127
447142572
448744085
715283686
854951212
210083325
774337939
494841983
856902527
150025445
175854453
309852186
463802896
878644027
791456903
89680435
94043397
101144461
438611274
366748951
33072930
631567160
273994123
36301010
669978992
80361123
183165984
147284417
464265453
127464760
448427890
538416145
375322770
28947399
653779666
216087965
610842542
54847800
490263026
242493041
379660352
418170692
616457812
445996278
157923704
45118514
892150141
148313686
562772792
415011597
541184297
79348032
193791689
953814129
294885143
740399337
949175249
60717001
202247289
82787684
874097704
115513930
188814509
36210870
161773327
481811897
178168178
251949795
471190132
404689130
830407941
273699083
667784544
561003674
74062261
664929255
62042018
129178389
409961077
250659585
218217912
526778227
158236681
31283296
666045883
502439963
860628592
124506159
671951488
410157312
629951449
489064568
343259444
787706962
571777645
603135142
798655280
609288989
202220496
384276512
116937889
83316483
342821804
21778846
562703846
966406142
152816319
795833749
306536096
739382559
480729209
656563427
25611033
779935733
791273314
659476103
981130745
556455143
934728311
928139891
174972979
750687138
941826729
978173650
727415252
658655565
950289803
433225928
516568579
488562832
355340893
512908746
364546837
753822922
190612514
538285053
732836080
723279424
145863262
49757281
571225823
174057039